59 649838
874065 273854 66824
351833 41559 737747
219095 701815 777762
521124 408577 294474
786073 760672 211954
633737 164455 157714
310816 274704 568856
162634 936942 703583
632888 659718 27443
597673 237243 769755
247511 627660 43609
314335 979494 601520
568435 198589 303336
346197 236065 228265
157023 22139 988937
368978 172228 669744
43044 483044 944449
611900 162031 397743
315484 311271 57461
859279 908944 811057
145386 156456 438717
188995 987143 934563
306868 71930 649505
126556 934480 885570
354821 91503 424061
860111 976833 596290
529855 536229 595686
474304 148130 757717
388400 979966 68989
445861 355597 494285
773270 500984 650741
211988 206331 154237
662903 513199 226167
312408 156107 676999
197979 510929 768503
138392 371040 261688
251034 417247 797918
846721 891552 462400
120790 796304 442366
706131 758517 314315
200417 531788 815299
367510 260128 537983
521747 923031 51182
264267 235440 723642
941266 949771 234571
226121 604515 121963
4162 855550 539210
802080 702271 947114
780832 339413 743418
223198 45545 501936
537513 245962 550076
869165 129824 810204
407148 651572 249587
974682 432191 1379
698324 889809 467502
449247 632283 72018
571210 636445 927568
110421 954877 146191
57535 735709 485604
