606 5332838
8117842 2756093 8781587
758650 8453115 7993939
1724057 2316507 1659076
5496181 8919496 8823120
4447214 6504625 8546819
5460801 425804 8475673
8319895 6984970 2528813
2898291 5397250 3431885
4607437 9914742 3962760
4752195 5652172 9241718
2601386 6286366 1997811
1382973 7045016 450927
1893264 8769073 5283786
3552341 4265255 4203282
4891813 1228821 3224259
3438632 6689623 6166415
1914305 7525870 3151386
6959470 424162 1064988
391355 7547951 979730
6870468 2300146 9148254
6112186 4901532 5434620
626350 8800858 2479636
3593629 694122 3765062
1393767 6762815 546669
5597049 1654628 1775490
1337660 7609612 8465113
7504075 2040269 5990984
655461 8999739 8931498
1720450 1907447 6479449
5216532 8777915 1295947
4364787 7406453 6197480
2315759 8032803 7514690
4795396 4142784 725164
8560458 5536551 7487980
9107127 1133600 9142608
882617 4987612 6752221
1864083 5008040 8792490
371419 8179853 308582
9302917 2416655 2216029
5782366 7633188 993944
9594665 4514327 916749
8308497 6830086 8949553
5823187 4141834 3092337
6548352 5218644 8628889
4036332 6842123 2278841
5695292 7724741 9782806
2447513 2105176 4790846
3756356 2476595 2970699
4064938 1779512 7903707
8797319 78230 5536895
9791263 2189247 51222
708012 497745 9397660
2173917 6320932 3539495
7782607 5385636 8758139
8927848 9421968 5600263
3723041 5117261 5841356
3505847 81126 462884
813045 6353834 2939479
6300097 2935124 7235343
4203804 1732443 9829925
2257051 4040058 2019172
4824625 7264423 2516917
4222285 9438340 1354202
278132 9737299 6739838
1552624 8665147 8678159
7152887 2388189 6311772
5510595 8410388 8909250
5973479 1739786 5263085
1429310 8039883 714561
1181005 4760039 2447005
1010930 7017090 9003415
5546454 1841715 6267838
579724 8580352 8222531
1933926 8858485 7959830
1190116 411109 9141330
9868275 80348 4045871
6180047 8107295 4972611
5089298 4080774 6712397
2868735 8026436 4752280
3583296 9207441 2028671
8546653 218371 9045761
7550069 8281177 3403828
6334259 8860901 1984181
4556790 3311179 842666
5032973 4501296 3770127
6690655 4369571 6366827
736526 3065971 4474122
8225489 671621 1071248
4937887 3540356 9097684
2206519 7123652 8305125
4235191 8186658 1039848
5797304 5736727 1837377
9201133 4587338 698279
3701666 9144129 4009458
7060684 6693454 1027106
830811 3384109 7913030
7197638 6636987 979001
1671760 4862476 1650622
2743008 2316715 7707330
4357044 4523235 7347334
2662169 8758426 5533992
6218369 7072082 3787071
8055746 6273215 8374410
1270377 9974881 34891
5279836 7035565 6728345
8823294 382728 2628806
6736324 7580366 1782145
231677 1768478 6644621
1882299 7027838 8961337
2105981 1384882 6000924
9453316 6563403 4759350
4987308 5298124 4347784
1290732 3353871 621000
9665142 4624248 3112233
2216385 2420436 2664151
8944730 3760083 3046879
4089888 496407 3143598
5872033 728085 7428428
5033006 5126736 4456267
3994343 7232718 8357501
9995267 6686034 7437257
7270969 4189694 2735381
1618754 7996778 8605604
4756106 178272 5746205
7868339 2394657 682993
3048842 3855739 4443076
6095722 7945627 4939484
9239320 3817660 8183921
6667748 8850667 3310657
3640367 5361362 3059727
4514221 7872982 9745761
1951478 7660303 6451808
7203211 1795409 4448586
5808816 9067867 7143211
4071373 9452559 9537868
4754366 2501401 3393608
1713795 8597123 1339235
6653279 352795 7673248
7353552 9536896 9040267
664209 3177263 4401629
3723937 207836 4790963
5986050 2159314 2451267
4954210 1878878 6763028
1919149 204046 5830896
9062360 4275419 5283455
8600228 1546137 7784856
4510188 3259932 8898332
5849424 2429563 9251127
6039024 9783115 8788023
5079291 447325 4481639
9480920 6687614 4689475
6788236 5190016 9365142
1755855 144227 1244020
8518883 4579728 3964418
4349779 3642088 8239837
2149586 4758668 9785974
9934443 9268857 5562259
8832775 5118281 7991822
600254 1157305 7774938
9388278 6236596 738615
6386269 8233868 7426229
1075744 5022104 5132597
2957238 6777959 7793176
6717610 7813195 2372904
682028 2162974 6014992
1438217 6828913 773661
3740544 6763356 42518
9302803 8112483 7677151
7294625 8712737 1350808
7585915 617367 103756
8324530 7003636 853976
8267111 595733 8392433
3399709 6069323 5170392
1192885 2786934 5499939
3565790 5985314 179266
2097134 9939884 7008179
5387147 3680428 3771535
5429665 5499583 4400370
5623168 5310560 3113107
9490328 2896476 3730475
9594084 1221006 3250463
448061 9488118 6362548
8840494 5404179 2431872
6527238 9113416 7735158
2027178 2679206 3720472
2206444 7292693 6176708
9214623 2679840 9857136
5502510 625858 7873071
9902880 6249026 3183632
5532339 5739355 8596460
1779166 7849791 9817466
5029630 8297852 1821936
1392178 9654698 9742467
6340402 8698289 8855884
4075560 725467 1535090
312385 5448263 1344135
6489093 7179238 4023976
8862582 5198100 4649834
6735653 5100980 898860
2435637 3149671 9154567
1032097 4928838 7004359
849564 2474820 7818563
5187852 6383350 7473262
4930320 2723753 6171551
3786204 6799313 9413370
7837646 7111698 7377985
9181782 3600792 7073575
3205758 2463374 2271675
7855592 1715379 9889007
1270804 4151017 3038678
2941724 5183114 7967516
2462435 8549030 442336
280998 6253235 6825687
270612 1183555 2065792
8958515 7486111 8865105
888237 5323757 5976804
8266222 7021891 2093948
5339797 227649 7073674
127824 599593 8789053
16831 4386750 5456422
3055510 7328474 3155889
3539378 9790909 1704919
6498067 2588259 474506
5840106 5375224 1658061
7905898 4333739 1660524
6771003 5221977 6984282
5264159 6004551 4006173
9874459 3860701 6750175
6948133 3988525 9866120
8253539 6521709 4252870
6226313 9577219 4097696
9382202 5632949 6404957
3603474 2131016 1509569
4077980 7971122 6884793
8252394 5877020 1218532
9912918 5164376 8956861
9413552 2944887 7477765
3419726 2819347 3854818
2686253 2283832 359695
2552373 3053723 6881404
9321596 9280037 8974975
5935644 1178591 4607925
2340602 4782065 6738941
3850171 1376398 7226416
734964 9628792 5619788
4469848 2058062 784164
5943062 1471615 6245404
5937179 7407693 9064751
9791997 93946 3864935
151692 5162671 6918659
9549449 7000619 6198696
8524424 2936264 7377287
3132349 5276866 4675705
2387643 1643389 6052103
2130411 4894705 8197247
7750199 1880905 255309
1050716 7823967 4243276
7296120 6277498 1650969
8877223 6069495 4261267
2742158 8737540 9423939
9660817 8286989 8940910
8375865 6811413 1877174
8269505 2460115 9670392
2945210 7364110 1313781
1513665 9494521 8724838
9710912 9761072 605744
2482573 811788 946063
6725850 624260 7223562
8376819 9501483 5809409
5154439 4759994 4546949
7094730 6937163 5350290
6035640 7829381 2161704
7912815 6098886 7138171
7583207 1560448 4502281
1413341 3074113 6513154
2654531 5301377 6274226
5776627 7783950 9602367
9239043 7026152 226627
8978957 7919324 2244463
4788366 3073763 9520809
1851668 168493 8974324
7201958 6204133 6803705
1880014 4116948 5418943
9018185 4216508 6979391
6036818 8146201 2569856
5066324 800732 7871233
1340551 6577360 8171536
3459270 5816403 5197688
6202249 4795360 5633364
963064 2100078 8707127
483873 3951746 8875620
1974550 1153705 7596106
8778255 3033719 1713054
4197199 4568257 8445914
3692942 605075 6592115
8779151 5671400 9909200
6650384 9528303 6486560
7338272 2987573 4819315
5052313 1706174 2131027
685677 2669239 4231105
9392805 5669464 8182852
784777 7644014 9336557
8380883 6422270 4886628
2610290 3135821 9454885
3572556 9345115 59961
2681024 8124266 8247713
2590224 7291003 292368
1593136 7145627 5796293
6412451 2197940 7502467
1059830 5399970 2688058
5290935 7309127 8357523
3473787 8093904 6001537
5326696 8991140 4940159
2729677 1601430 592332
2184562 7690338 9937448
4760875 371362 578066
5524940 2961586 7869069
5817308 7071074 5014697
1613601 5999877 9728989
1632421 7059707 7645311
4320479 2350643 4954438
2678002 8340782 5564695
1195892 6183831 4555835
6136051 8913508 8673617
9244736 1098070 6363955
9182184 8375298 9251670
2276602 3900238 2213256
145672 2233899 9284331
7676721 6363852 5284208
9922062 7996273 4860268
7567374 4833105 7210911
2521812 27459 8068045
602859 1223351 4251876
7675046 9875755 3165384
6348663 9120491 6779807
5228971 819027 7671457
4480641 3095629 4088047
9210249 5757653 6321946
1010932 5950726 2685799
8811493 5872789 3198424
3671761 3440163 8031529
882672 5961975 8058989
1467069 9081187 1798692
5718946 6756233 1674447
1400682 5621249 3311290
696841 3366572 6646669
8368298 363565 9742299
2456346 9573814 8016304
1294644 3101099 3967031
3980443 1912592 9839820
9695220 5584353 3279983
243101 8983377 1758310
818442 450446 839497
2617135 8685744 112083
6807934 86427 5733332
2635577 783268 9099904
9282246 1667919 9463469
1540897 6640617 1553635
9557202 7935261 4654734
3524233 4432057 6567326
5880405 4127277 2151679
1676740 4370378 3651408
3435050 5188821 6618207
6790900 322308 5303951
6902983 7130242 5390378
5152667 9765819 8689999
4252571 1564418 2874270
3716040 3105315 9514887
5269675 2662517 7450148
9924410 8703102 1882205
9008088 4583507 8525834
3676120 6260247 5412565
7327528 2211650 601386
3945735 9002550 3440046
9249687 8421885 570288
7156417 3574552 2852460
8362768 343475 4416878
1237038 4059515 7522193
751925 1845542 2701063
718426 4286304 1404165
5116983 3294393 5987673
3642818 6970513 4764272
9055383 4298041 6975922
2173121 760129 8494824
5613167 2526168 9433061
8699807 9682585 5523965
4068619 561706 5867440
1001849 1798744 9926955
1040395 5067022 4288850
3741458 5785448 8575154
5145623 902431 1869547
3649648 4545249 8840060
930273 6116984 5654454
7906195 8290105 8930935
8917372 6419624 1457103
8350433 5119432 3656040
3874399 9188051 4217746
2258191 2706253 8532843
2185147 3746648 3599865
8990349 7488106 1901665
7565503 5150081 2804096
9435051 8799730 9865698
791463 2246355 8499034
8962269 152550 6789140
409556 1586274 3208764
4383011 2453060 844548
8039052 8843811 2548952
4773150 1102002 5255205
3305993 3287149 9001853
9422210 4793850 6489959
1323875 2359354 4156392
6644324 4310757 5472474
6510022 7618572 7718829
5009056 9097194 387732
4314548 9506750 1974006
39665 3889762 4427066
884213 4445166 3270877
5949517 9218316 4372880
1204722 5040662 176381
2722927 6979224 4970232
1729238 8303100 9845938
5885631 4947424 4156695
1358105 3973798 1775267
9076935 1499206 872461
9464667 5813755 2895564
3955025 5853420 6785326
8382092 9253985 1230492
4169321 7719855 2965160
1058553 8924577 522174
3751287 1647505 7501399
1237871 5893095 8320851
1083809 1778726 5784627
5240504 3136832 9758425
9532123 2213767 1257631
2920937 4194786 9587738
5816501 8149811 7957510
2601827 9048255 9727848
6348671 5733929 7447703
9313831 6792482 8888632
9836006 543769 3052489
9853757 1781640 8945585
8174608 5381801 724311
3959235 622305 3861143
3717660 2670781 8591262
7491643 5591718 5302400
9595734 3924571 5968564
7553244 9042750 5016819
9797444 5391421 750748
7245147 7221604 59583
6133780 9573962 603352
9186269 9427719 4901345
8131854 7602327 283146
1372518 4077914 3421804
7750013 311926 8608937
6341276 7803570 4200655
4160028 9915656 641578
128592 7468900 9684328
5145412 7266345 7592101
8412512 7027844 4813705
8472095 3161624 6904020
1591800 4864246 6331739
9009497 5512452 6450419
1808995 6884970 3044685
7747151 4634984 3356612
6356088 3492612 1160182
3073095 7652640 1075838
3714673 297585 1061090
3399001 5442997 843787
991102 6371861 7871632
8321160 4843957 3549608
7741532 8952109 8413854
6589623 477958 6442659
3040042 2286953 3327629
6084728 34105 478965
1957692 6390193 3971577
5634226 9463289 4140570
9226416 3177962 4438155
287506 9093316 2397504
3647646 2600770 1285717
1519278 3438282 8646026
5068886 1179814 7598135
5999093 7769438 8076093
2441752 3325832 363047
8285733 1926912 2913504
8764699 3884604 9303697
5252628 9518830 1283338
1909550 8745246 6977653
8864057 1549105 8587321
3777913 5196751 1188091
5063631 9232381 7142726
3709657 6817619 8322540
1307793 2816712 6091978
1900238 7774816 9417811
4779637 6060550 1344723
7693141 7341601 7745680
9513191 2594229 7264510
3312881 7020132 8526109
2806886 5884189 75214
1394207 9662103 5271965
5098651 4725734 4504346
2241377 951743 1321965
563917 2259536 6655030
9172248 6676127 4429846
8590059 3972116 3006748
2451134 4181610 348349
196814 6211153 5458931
9977677 9524034 2479063
8503786 2330921 879604
8579000 6241480 3058059
6367317 1340131 7783793
3388015 3581508 8735537
4709980 4145426 3511425
3881362 5834026 2703904
8311209 4424085 6676021
3834309 9391571 857631
4182659 2104738 7068784
2157942 4598767 9109170
4637005 3102553 3956443
8032961 4197905 197924
1091021 3081574 1538055
1391166 6469589 5119564
2643055 3695921 1781342
8670833 7577284 7615368
1374737 5888493 4555805
567110 9722802 6463728
3941093 6421813 8568466
3526229 8579755 3167233
2635400 5733112 8786138
6591843 3766074 2984043
6789767 7373447 8581969
844175 8764613 5051558
5963739 1407669 8747480
261433 78502 6324764
393153 3969591 4729609
7465310 4536702 6968763
3929038 994147 3390577
2497505 4520377 4486684
8181090 7155777 2736149
6967229 6263972 9018575
2467624 3053740 6392022
3565946 3897915 7672987
8617504 2378006 1597008
7364984 5155791 4191862
6206100 5548944 8161454
935709 3014254 5214508
420825 9459644 6208655
6327754 4473501 729032
814438 2654592 401161
6066939 2138173 6665134
5085514 7122149 2235226
1477536 688095 8649493
1666876 9305600 3543851
3263884 9186936 8699642
7455747 7909389 6764938
8133553 1361450 2295544
3348061 1782275 1755188
2073068 8110029 6228690
5318453 1440820 1399634
5719614 7507759 6054159
4901100 2593274 3176308
7136326 6587162 6380756
5785819 8254038 8202708
9329670 1517923 9905996
545664 1490022 7815385
7310602 9623575 9176836
9606146 5487988 959111
3877687 7561056 1585493
2622729 2879509 3026313
4022363 1115476 534072
2592874 6016576 5643698
5769182 3152903 2230861
4666290 1455074 3001251
2868998 784745 7035526
2774995 3846761 8525548
590380 1157364 8149123
2283568 3279862 3637111
3242680 9673901 3714520
7344525 2296630 9110381
370838 8835345 225857
3421262 1428219 6242434
9064961 9713754 1911689
3812174 6896396 3366763
6813425 9765395 6667860
6365304 5056742 514622
4890852 8163474 4188338
5556328 447043 9984552
1709791 6206075 9658454
5424311 3550600 4471436
4534693 6437790 3306782
7276902 9859052 7251353
3519336 1440365 9481459
7947377 5252539 6377856
1314141 4582317 8659603
498353 947621 3716345
3529327 8354825 1879819
7717665 3911153 4843214
7702218 5620945 1049289
9877024 3561608 7116241
4348460 612653 3554031
171594 7889556 5929436
7422948 3925244 7369801
9420759 1872622 5138693
5798615 5703115 2237362
6974570 6201468 3184983
690915 9730796 4056160
5087087 7448461 7967314
