66 360211
582672 137511 83119
488559 72538 225071
78344 153122 121193
72450 560053 843
663156 318829 145648
376621 846390 7847
199197 96779 803654
404584 596434 621229
524079 222470 991636
788269 140262 236855
664832 722935 374366
747951 211494 446904
489374 806191 600026
126920 878641 676431
644115 58150 995260
789764 434771 841651
797611 150320 938430
601266 554904 51216
738847 595335 273686
246836 383604 413949
483691 48436 653236
374409 312739 864730
821314 318466 670921
937692 445386 65915
130476 89501 124065
125736 879265 75188
967387 193229 225508
422170 310847 296764
989738 566046 892099
263425 812882 275704
193726 812925 840492
846962 187335 669584
228044 525001 988050
898966 979045 949788
481233 109521 39289
121650 751610 434907
196838 235349 628136
938698 657519 455335
235462 647258 21381
127561 427035 350616
919617 620761 163541
276462 984075 867228
946046 212119 392229
450448 627437 887627
400236 108670 513500
439525 230320 265110
390784 943510 500460
535272 882208 674331
990607 117670 837941
528341 761584 264976
878957 681201 402089
42498 474015 902516
909727 420061 114636
818308 870509 258425
705935 787097 883448
735788 742975 113768
898 133759 573631
17710 669032 455839
692042 175991 89862
529983 704332 851446
311312 583289 48999
229753 142140 523015
132270 51867 459428
763258 386527 846290
21683 92463 633387
421483 828251 376362
