91 139819
699324 165224 89866
472741 615124 219837
579792 712862 848868
666141 866855 233712
280178 400702 327172
428261 767928 230197
909662 150390 437385
966722 278167 261044
797451 54787 208878
283113 344756 10722
939284 560433 175946
545503 33174 791070
765340 612966 20285
130560 279107 887140
880625 75637 804194
207797 503898 572122
954346 929913 722512
391731 896635 517031
652775 694086 571819
378006 493551 432927
388728 432836 993360
81026 978339 26534
388448 260031 155853
925085 390591 951312
812225 787568 26950
132772 511717 530848
704894 466064 460761
943759 857795 357396
977142 26923 567834
65313 404929 61386
498241 310009 494222
7953 907387 988913
34488 295835 248944
190341 220921 155887
658005 549498 943456
684955 682270 455173
215804 903517 437589
192917 847276 811737
66666 824418 838660
150852 406084 759941
212238 904325 586302
222812 428630 493689
211725 979470 789524
977021 686163 10445
132909 344169 76296
592717 29124 758566
564242 761280 662083
1832 954198 25711
813569 537216 366482
168581 204420 772566
928522 416659 193243
31176 155823 621873
524865 367549 601344
830741 860922 287507
841187 993831 631676
917483 102900 660801
192401 667143 422081
854485 185327 892631
880196 515248 946199
246678 683829 150620
535596 128703 83631
728839 159879 239454
350713 684744 123355
952057 31837 984278
755916 873024 978109
387593 306859 81010
564746 15613 264505
986827 386450 449832
395811 782998 965080
342010 546029 648909
492630 81625 293964
576261 810465 453843
815716 677530 654939
939071 145939 686776
439701 901855 76153
417811 805800 899364
15173 370546 914977
279678 357374 301427
245862 753185 84426
210942 611547 630455
376203 620530 228432
670167 196791 38897
640362 528859 716427
295301 984283 378718
498429 423984 280574
90934 358147 86374
990299 373320 456921
421628 169350 330647
239408 415212 600184
840186 142506 211731
470641 35061 832261
