76 532392
220970 351303 817933
818788 656395 81826
656716 592515 130895
827299 428354 132440
649968 552690 423730
986286 28510 377696
783226 141138 433389
727465 234459 592990
429066 291720 358123
837688 459555 415499
370081 680525 766802
188014 15666 939549
786192 188734 532064
917087 16033 476770
565880 666001 29460
505962 168639 57971
400010 468218 715461
349752 712035 949920
942742 141101 757992
300866 495142 217547
232717 865223 898072
999520 569589 430090
939069 872133 618824
987486 305573 151209
464256 871453 333563
10069 893767 502202
68040 293777 486772
783501 643529 198808
249773 102624 339909
7765 919842 351403
225312 152559 216626
639736 668431 302567
586179 123853 174701
205003 111339 996626
872565 91947 868079
206128 102016 278198
224682 686408 571975
711455 469909 731857
910263 236034 350833
766524 243799 787027
117928 985463 455938
850906 141552 124370
153474 727731 764575
844527 449086 875914
841153 321651 484213
225584 44131 586230
503782 268814 272638
592109 496621 258900
840318 923236 494934
707503 689760 255086
494530 324040 756901
950469 174947 898453
591191 844773 142536
872118 205652 107975
264384 46805 945978
748597 788741 990110
334827 808875 775276
607466 917336 788249
866366 757655 711485
877652 465158 401245
132738 476041 241638
889640 426510 416585
304445 534053 777710
963334 406171 983362
71309 670555 546519
533639 419152 335260
40101 753980 660487
815377 877798 577823
603626 260516 335478
315111 138168 316989
232709 270907 793030
474347 676899 735892
407284 497696 269945
184994 461030 192468
684708 48691 379375
231227 582331 798527
