828 1515519
3559743 7861876 1314332
8899079 6646425 4728948
44938 3115015 5344961
3972710 8130877 6999186
2589623 9600755 6902120
9920167 823895 9033476
5390181 7892222 1456224
880591 6168515 6732033
2203897 3888451 2387082
7812527 7681020 3582262
1844398 3757116 1444138
5675082 2656195 8090563
404030 5217485 3721931
8265344 1706548 4369160
7780882 4296171 3969915
7199354 6732690 7310162
6232830 2122871 5202384
205406 3003463 3887252
9453792 7723712 292055
1840874 8052591 7973075
7939488 2413341 4246543
1899978 8088423 6902738
2506893 8492453 4636576
6228824 9274149 6343124
3114337 9571383 3155647
7084252 6770737 9888337
6910767 3003567 4527560
4629503 5725326 47375
8516755 5179118 287439
8808810 9536344 8340030
9298238 7475832 753371
6061133 1892162 8841794
5480224 4399055 9850600
116800 627880 1641101
8976276 3742217 1212485
2131923 3342821 7983222
2020260 2769940 3503142
9064172 7399444 9228468
9111548 8432551 6923938
9398987 9757714 6460282
7739018 9055952 6452466
1008741 7633437 8344628
2366888 3113661 2743683
4733840 3230461 5887915
6374941 2206737 2146484
7587426 6855012 8005658
8087001 1391624 775598
1590143 455797 691394
3334963 9567345 9123946
258901 8966332 8881660
9235535 9221702 453964
8204353 2746796 8087401
6548981 5113684 1201063
1809016 9847524 4431524
213284 8738817 9154614
4876120 8842596 6009626
2881778 9445949 9917603
6173729 3552444 373400
9381475 6887407 9940745
8505421 9662660 1423429
7387081 1414547 645132
7841045 9618900 5908280
8444799 8684233 1021964
9645862 3009601 3385840
6593738 3222885 4641009
8264704 8099006 5999957
6790683 3497136 5445906
6708286 2187217 8998350
7081686 1568693 5885757
7022431 2590466 8064769
962212 2493900 1995668
4123696 334945 1614568
31976 8779744 2815153
3570292 941958 5824755
9472484 7535697 1563992
4113494 5800401 2179350
113451 2591084 5676487
8075710 9299370 380056
7074060 8897408 4465101
5476170 5919839 9571920
3540939 9398404 2065820
5536608 3522100 2400765
9667528 3554077 3696862
2482682 7124369 4638820
823789 9113206 4690869
2387781 5743052 3007623
4567132 8372855 5598707
2759971 6448565 7414430
5656379 3522626 6311838
121481 8998796 4748030
9693401 5056087 4146434
1759221 3109047 184886
6676338 2776576 3738963
2889552 7775610 3379685
44725 8599399 5009243
4735594 3503532 752295
7743217 8070664 9125150
5858277 3346987 5573716
5789059 9003367 9096342
4617249 1641200 611490
9365279 3850953 5667577
6028065 5610174 8776625
8729304 4802864 4069553
2468267 7692417 1845163
8364304 253494 2960914
3373547 4989088 8980798
6642194 5248658 7051463
5767345 1106935 2914802
1341061 9412346 1918169
2953755 4029595 3559369
3565245 5911227 7410322
1749174 1939292 5536848
525799 3184948 2856065
7111704 5653216 548482
1473219 6533872 3318328
6950485 2423772 8307416
5931284 9065966 6072426
5499099 7349663 9695713
8413901 1207076 9108059
332071 4160831 3137655
6407792 242428 9048882
3818115 1991603 3504526
1871315 5033754 6689475
4727380 4661811 4859043
7792214 6135030 3909267
1110542 3085516 8849391
1934311 1533152 431710
8006737 7032251 7781373
7702451 5446152 1504802
6810510 8294575 5665633
2464517 4702368 8424414
4029751 1036835 2932369
7534278 2908150 482475
6740105 151883 5144286
4115500 7944097 3795669
8024767 9054640 9397537
9390511 988951 3447041
9822221 1512040 479292
119946 9214491 8441796
1624748 8541354 9252724
9806734 1005871 6471444
747500 5035623 7508279
3679869 5086253 2932781
6678696 1826358 5601016
4339335 5941858 3545114
651356 6482977 5116106
48893 8389840 8621409
3495934 8212061 133449
6491578 848360 9347941
7449726 2473108 7889295
6702450 2279842 1411518
3173894 3027342 6447141
3198525 9223563 1533394
6131307 8418612 5876104
1732323 2757947 4334314
7793789 3409303 3333644
2909895 5974548 1723484
4047656 1986834 2451898
4181106 8478412 3300258
6045399 5928138 5773366
6451046 2630589 569561
7862564 8320835 6113255
4309706 1519361 7853171
8359452 167020 6271783
4235557 1899343 9029730
1086223 2209485 4955385
4419867 7635732 929933
6143352 1683389 2916767
8595250 8380847 3911531
1895508 4426246 9839669
185226 877292 4986610
3271139 1256208 3307446
9384395 8082266 7343159
9753918 6441719 7510179
6025701 3193628 1925874
7571783 4279851 4135359
2527168 1216071 4287444
5973453 7359423 5970833
8890220 8471025 6868032
5318103 2882885 1294278
7674124 5584463 4687922
2660735 8855603 5944130
8484533 756350 6542749
5827692 510268 2984468
3337871 6535969 8694448
5263745 6624104 5490651
1915457 9151272 6706722
6202901 7641077 6582497
4690086 9047649 7569874
1558118 4365752 452759
5368748 2039876 8553575
56670 7216963 7409178
8517152 5701496 681880
5059901 4045540 1192148
560721 9899763 244469
1771521 7679861 6868573
7262173 9595318 8536197
6485247 8314571 6177274
5584097 3004657 5224923
3153971 4562775 9590675
6123083 9931523 4146903
4676658 2504545 1363867
4602188 3538049 9581715
5284068 8597951 6143608
8992568 1675024 6043371
9237037 3446546 3723232
8621962 3225071 5834902
7158159 2226670 4149473
5851785 7810767 9670482
1076708 3481091 6749609
3183735 9604174 9197484
7330638 6797184 1702029
1210857 3915724 5240079
792573 1716144 6354382
9452533 708712 8029406
5495904 2462101 3992304
1735489 1084063 9733727
86743 758574 1960398
6752569 6610359 2287517
6423051 203419 5768608
3172661 5903506 5372782
4886497 5750496 4686318
6588527 6961354 8602042
4344958 270279 318186
3215692 9722812 1026898
3761450 7735068 6005351
7753755 9470557 7089414
7487482 9557301 364340
1964232 8826222 6974699
4251750 5249273 9694470
20358 938286 5597976
7909493 5824784 1348473
2595811 4929663 826179
3714206 1790973 1096458
4032392 5006665 3335622
7575643 8768115 1070690
3580994 9038222 541248
3186761 9042057 2614901
3551101 1006289 3957475
3042153 7774391 9206748
2736623 7794750 2661387
850952 8220595 1002523
2199425 3332758 8448538
5541956 7046964 239511
6638414 3595709 7762528
9974036 3687704 9046995
3561078 7268698 8085218
6618678 2971811 7127275
9233579 6522913 649916
3191054 2081418 8424308
4914155 4818041 8735410
91894 8185345 9472357
3610769 2901122 2805115
2059307 8443078 9852080
4815170 7597844 3447789
2577698 88232 9651845
1624693 3649311 9436895
2226263 267989 2408707
1869890 2017921 1447972
2519807 7725327 3529390
3460467 5155834 863783
4712229 5247728 9049129
4184586 8858497 1950251
6989701 917804 393330
9358133 8249326 507526
5322274 827024 595759
4974119 4968070 4245070
4411015 7194333 4513059
6819722 9064224 9047332
784046 4100383 6772660
6829788 7560850 1928494
7693571 4789431 9692575
9259052 1490369 8551072
1209304 8480070 1985229
4118986 354556 234555
4626512 5676830 3577932
5222271 3167302 1062354
1983693 7578317 8256687
9013105 6914391 9837263
8060437 7698437 3937646
4833097 7044577 4014848
9277944 4738148 1320631
8970519 6513553 2811000
37943 239209 1291071
2023172 4358195 4161979
4774080 1501059 2355161
868364 9239683 5522463
1930718 3739728 5617132
2703757 2752833 2531523
2541021 813271 2746312
8995019 8162720 9790889
3009868 9957016 7045390
4330499 8927535 3558943
9657852 8965479 3798152
3465275 3505003 672699
7627254 795435 4690110
9982415 1663799 6446145
8021231 6110869 185874
3638363 8814627 5455059
6169887 3872000 6268330
1432551 2867019 6947403
3739793 8393239 6904419
785183 5240091 8348307
6860478 4897943 7313786
3174982 8363218 3335141
3847681 8506824 4130577
1054143 8489239 8310728
7500289 6510470 4421598
202515 148834 5752577
5657574 8835073 9624577
4442257 267624 5007948
3906012 4007417 5917540
810431 7308952 1157631
1675090 4169430 8571926
8988876 7344412 9451496
4840370 3708445 7958320
8970947 7278941 8963911
9798027 7295582 7990734
4219625 7498097 655920
2488554 5672023 9490993
2113131 2630632 2274969
9637432 6536644 8798739
5554972 9863428 6107691
9228955 1538518 2793474
317233 3043747 2654238
9768729 7884117 8879036
243401 9371416 6157977
9207312 9169443 5969911
9714398 5905421 5984360
370318 8393975 4172735
9861311 3023459 6803368
4652633 2660891 5856364
3451372 8215863 8236144
2075415 9961170 9774663
7385241 278403 5334762
2555832 2563484 5735231
1434868 2806885 7622999
109197 4530549 6792442
8595460 4244948 5214215
4579820 4615266 3608191
8752555 6992930 6631650
8072275 1645563 1808893
3928640 7613287 2541108
2164784 2205054 2502278
4455799 2106648 2780681
2306913 4662480 5344165
8042144 8613700 667402
5665143 1239249 5197951
4973938 9834709 1959251
188153 6930881 6574518
6312696 5683436 6083800
5460698 3755712 245715
7269591 200704 375354
9810699 2365488 2580408
2312977 9337640 4687056
7610010 1644553 1865888
5470527 2203050 479588
6137929 384545 4235189
3852233 7874835 4069898
5811484 579341 1000779
4902354 6892037 9200568
3502506 2352736 5472632
3748221 2138679 5673336
4123575 1949379 555176
9220336 6778708 9892816
3907392 4388719 4053722
8289633 2375598 6256772
8769221 8513528 6641317
3004411 4882113 4516153
9590661 3209949 5095494
3107793 8112304 4503883
2308361 1614810 9372971
7780993 7879384 1511651
5970681 2002959 3461030
6525857 3739647 2756090
6418674 163392 7144809
472396 8453025 2036760
9245520 9738598 550288
8403189 5259361 7948753
2919342 4850023 1158702
531188 474168 9271006
7551424 2782529 3402169
6924395 3079874 3797905
8436046 1566907 8317216
4413428 8092764 2056864
7169519 7027790 2220256
6830680 16538 673281
8867440 9262058 2928231
9417728 7665248 8187593
9882833 3100942 5553968
1041536 6148483 6028136
2828894 3699907 1327017
8747415 624302 6923243
2545320 9060349 8490150
862537 3473777 9099266
5435753 643296 6127057
7656009 7473977 8659947
845642 6341417 7922006
3773873 8275498 8103606
4477818 674683 3720900
2548138 1716219 9869383
8576274 4545114 3569290
2419643 5808881 4193593
1859238 8354202 5770294
349388 1733091 9244071
1965007 7168844 2403720
8092064 7341205 2394049
6752011 8186847 1251818
7190369 4477072 2043668
7810327 1471243 2718352
1531228 4019381 4434571
1400611 5112008 1496037
4969902 48003 7304919
1679847 1907242 8175473
9966493 4772982 2424916
1726916 6737989 9593760
4130636 7346405 6934965
9041037 6614769 7638164
292856 6321490 4631588
2336524 4131818 6102831
7571228 5663046 2638565
2005800 9580009 266925
6018189 7066263 314928
5839460 1262462 4738522
6531285 1228955 9511505
8956201 2955872 8765846
1066313 7086508 8628604
8001278 8643898 5243373
8155794 8936754 4081215
5303735 3789630 8213033
3922918 1360859 6392431
6561483 5883011 5972441
9344760 4417552 5555056
9659689 2773365 6817519
4398211 9304650 8046474
6426068 8260852 1002346
7708267 9327165 605207
6336871 9844796 9249105
4096596 516942 702211
8177811 5820677 4491841
8907197 9743596 8369052
5299628 8821431 6768415
3788421 8166192 1185968
1859830 342233 3959333
8677349 7256796 5780335
6723823 3682865 4041187
242522 3907484 5884705
847729 244355 5729501
96834 4340951 6246443
3315397 5035114 4583473
7807238 3942311 4327069
8692643 1758292 5664852
5461058 5546713 3831044
9163378 7406543 4173277
5639063 8600244 3946426
1419399 5324068 7629291
5460586 8082942 4053127
1345291 8930671 4297482
9591144 1543857 1154785
8353940 4859254 6189899
2937413 5182844 2648563
9780834 3875487 4406855
5445686 1852898 2469920
1793083 1016276 9876464
8482712 9171692 993060
2429138 591091 8833480
2574781 8568029 6916422
6627908 2429673 8363445
3441742 2020817 2423654
4596527 2891109 7282908
3302779 5828522 4982105
5951342 8125708 1373944
358197 6087747 5743194
5344469 7880830 6759471
5220933 6363542 8447515
8730346 1309033 9038606
7563826 3883814 7606635
4480249 511723 36308
2843694 6469817 4573478
5267349 3582697 7464587
5066609 6885476 3293110
2565066 5353170 3935170
3939011 8227719 22917
9682205 3572188 7903747
8958028 1309474 6783642
7405543 39820 8092675
6444149 7603646 4492841
6567137 4600247 7520916
6603445 7443942 3990734
1176923 5227643 7573431
1157863 294252 4458907
6967325 5375671 2328429
902495 9314682 556148
925413 1513239 6644688
1345512 471268 7954162
645506 393163 510334
8738181 9353665 8113981
3231023 5920802 2714228
751939 5040599 2674522
7259025 8733875 7902165
4832456 9891738 712770
1807715 6859063 6088441
4136144 7761558 7919475
7208644 1203323 9432714
3853333 2548836 9903982
4323847 3194342 2813498
4834182 4448876 2167163
5464515 196251 8087965
8178743 3464542 3128564
3369618 723568 1862439
1271783 5556024 1754177
4500905 9880092 8613240
3105698 6532588 8891151
1025173 3741233 94474
457888 110918 2643310
2878222 6951117 8354005
5691720 1785299 2802881
7858883 7249814 2999132
8463200 7944910 6463674
1591765 1314528 9703594
5970556 5102663 5259619
241086 2119921 7656063
1370678 5225619 4188651
261829 8767145 7929884
2872656 1741385 557154
5515966 7135959 7508272
6386323 2827680 1809923
1705556 3202915 1576090
4704688 1666116 9521000
3684715 5774233 3351880
3388309 4261141 970895
1164280 4502227 3090816
8820343 8389258 832788
3008995 1167439 9599933
3455231 4040095 3857670
4012386 2072414 993629
4037010 8458737 6337661
5846933 164294 9540577
7423023 7385334 3723045
9460375 3586401 2013630
5328607 6974711 8791123
6299503 655343 5809703
1906671 9475687 4198961
2739459 5001034 5366400
4855744 8456265 9406496
8713414 4985003 1478910
2223396 9022013 2453999
8561057 7385299 2618293
8101634 7324674 2519980
4341031 6785050 6106381
8871013 2113657 3081092
7662137 929512 6252788
3471840 2836184 5728475
187153 8091995 729509
5553553 2947740 1702126
7476401 4177506 6687130
8955311 6400902 8225495
1409311 4961960 8127146
6543956 5579946 5451821
9063936 2437330 4753223
5170318 1308343 9383232
767762 8970480 312745
7020550 4958672 5665281
5265377 5145825 3757276
5994886 3215731 6705016
213365 692132 3398875
6900495 9647444 9799777
7642342 3573107 7278089
5769489 117063 2858036
1221310 1697352 5295366
8490885 6867670 9120061
7874117 151784 606894
703214 7172335 5565566
6368495 4954064 3227744
125772 3465303 6443475
9347140 3678668 7135607
2746015 579163 9299403
5062145 737857 2872510
2340234 6507346 5505926
7714622 245008 7203278
5526340 8735893 6587300
4646402 9126363 6739084
5253296 2345929 6427771
3335214 8714425 3898188
9079310 1356549 7363491
5522785 3220041 1042159
2658393 5966057 4137674
1957796 3544554 4875531
7346659 5884788 3899230
2852585 6115763 4144238
2572215 1642103 5396484
1675867 8804857 7039199
931303 6574505 9385128
9875427 9909720 615905
3773615 8989030 4488806
1137106 7028168 7708848
2179265 2202913 6191257
8833291 4160709 9735811
3708822 4023720 8136951
7608052 9392657 4252714
4268643 1964872 8411170
2181479 3640739 7216027
9220678 4572043 3790533
1122158 4447470 6216605
4254416 737437 7721987
1259574 1874543 4750155
1484774 6570160 6953068
7676031 5403451 3630130
9928194 1628625 170202
581498 9236678 9562860
7350564 6021673 4044084
5761734 8203152 201176
5494114 9940182 7289571
1800999 3578692 4253393
8017604 349460 4990830
8255943 1609035 6865373
5522451 5610161 5951885
2475519 3286193 1355336
8622001 5730739 2983961
8792204 8828589 4736991
871416 6179154 758664
4915500 4457240 1478168
5116676 9951354 3934702
4922599 4268705 29747
9175992 2286309 379207
4166822 3058605 4504594
3548547 8581056 114756
9500432 1056575 5917301
3372120 2194929 4164392
6356082 3503485 2992982
1093073 4374901 9172136
4368090 1806753 6145728
8362610 9439782 8613435
2297313 4362381 2882140
2327060 6054726 5168450
5222619 2737900 743407
9727214 6286448 9324463
2358322 8303232 2897390
8275623 1675353 5092319
2440015 547787 1112156
7949349 1640860 5487057
7121485 8525302 9810163
5783566 6887913 9249945
4397001 1701578 6128678
7279141 6544990 2183404
4963943 1767609 4921305
5707350 4011175 3724105
5031813 6369497 2027337
7929204 7161472 6219042
5537875 2117840 6766829
6650032 67189 924042
4653441 9705027 9449344
4463604 5488593 8853609
6229901 9885594 555187
2358580 7164735 7100177
7058336 2128679 1384139
1979641 7836029 5395314
5703746 2867843 4281164
247436 3313399 3958988
8982830 8851274 6076828
5749660 5501306 6144018
6673702 154748 8365397
8639398 7134704 3853990
9360 3364606 3739584
3080899 5723186 3420671
2697429 2781522 8065702
4081568 7277516 5901732
1993234 5497614 1285927
6274398 8261402 4599326
233387 7244233 5966952
8826567 2993893 1468259
7486937 2183947 4139359
5852334 3339697 1274063
9706324 3349057 7155021
5962260 6429957 5394559
1899284 9127386 692434
9964986 5725306 7969950
5866718 7718540 5983916
9668997 6509291 4245319
6784675 9259030 1489552
2751628 8085597 6999797
6736239 5572535 1700096
3391950 1424869 5039793
4666013 3647546 905203
4337387 9609806 9851512
9731946 1509090 1495250
424380 1474077 7220556
910682 9857147 7455448
6894599 9526145 3964739
1139918 8827172 5740121
5145822 1578800 3825719
2145619 8315039 9398254
6362067 4223341 823123
3918212 1405707 6987021
4823415 5743094 6596828
7191279 5475040 622270
8686529 8415773 4612699
8423437 9326455 4469847
8395238 6221054 6512344
4876329 7360972 5339516
616451 5023146 9434669
4442170 9685117 266060
6356776 6047184 4489402
9696251 9965397 5895109
6683273 7305164 1638203
5796453 7012796 9629595
6418723 8215677 8045368
1031423 6639115 7371824
8017622 7550705 3592878
7046318 2427034 3470203
2385834 5559837 1009701
1820503 2007 694819
4602916 8875135 9258355
9092318 8571387 9223752
4987427 5254660 9045269
9141982 1051113 6058065
8771577 9986188 4273742
6816946 3533963 3429209
6705122 1551585 3496266
298000 1114255 5923301
6284555 3500090 1483138
7294257 7836945 4001498
7989076 4956213 5392985
7247431 4048531 3964372
8987536 1552310 1735384
549157 694292 5302849
9123574 1982222 7805390
5913668 1315520 1339353
9342878 8020642 5407291
2839144 834994 6521546
1278797 7119550 2537988
5278288 6930159 2891286
1796138 7435587 7847499
7189123 7199370 1896031
3669848 8703258 5964693
5405232 9252415 6658986
3224434 8375989 8641208
1029824 4289658 9956728
2369177 6148888 7977370
292820 1504384 1328716
6814367 5299534 8448266
1868707 577822 7894777
4759993 4890312 5330364
2607493 2079435 2529735
7019876 8265635 1232993
2984569 6187220 3001761
2159907 9411654 3894102
3317467 441478 700112
3274195 5327007 6849000
3767917 8136180 869737
5096634 4950547 6169271
6061252 9335606 6747093
3956030 4095600 4153757
1802746 9219445 6233192
6848833 8755673 7015180
598179 4256594 3202400
3599940 6416502 2614054
7494042 9733969 5571884
8194155 5524517 3415243
7559507 1808786 1551423
8429244 9421772 9018322
4598515 7999377 8353929
3861960 4471759 4965881
8015717 6274505 6701678
6765262 3123339 7973703
3780442 3721518 2230297
9499194 9837810 1163151
2113248 9848204 3413473
201484 558711 8937990
3616727 8118219 3263128
5168151 9063815 2684901
4186473 3662331 684278
5056754 40643 5156037
22635 8056361 3946894
6724313 7337975 9586585
7214368 3634769 3308103
9444666 3133963 5662265
607817 7763563 5510470
4021290 7965047 6069181
5475632 4098126 6703752
1255113 9266277 5767568
3940014 5969103 1946251
7140644 1025857 1986894
4813033 3564845 2559607
8759927 2805510 9897582
8346513 19879 3532351
4170968 9464545 9182666
2349586 2588714 6946229
7860056 9126357 4911276
6445589 7118341 1525755
3149342 8373454 792032
8916910 4829820 9277487
863161 4486816 2819697
2850055 9299849 6384542
5409663 576129 9190052
7823597 1438994 1726283
3872301 8126314 3707180
3054967 475900 8812247
1197 8335956 7938604
7428825 7297898 7573297
8954580 447240 8463104
2262965 9364150 3292924
1540452 227311 7779741
4360149 5593718 9595942
3261043 3519733 172071
4967448 1343331 4127417
6693731 7731984 2253732
2917264 786951 2729632
1729511 3304500 3581941
2184467 733326 879839
9757764 2204258 3843431
737220 6983575 3207581
4030145 8524028 5951244
4326238 5400529 4061314
6438532 1177925 7581048
9126956 6145373 1440731
3254373 5355456 9172715
5508105 8272720 2476018
754090 2231 5780519
6852383 2186698 9030197
248574 4460815 1234455
4092005 5198035 8218031
7299586 1744532 9258411
5767182 8587122 7175292
9828496 5025655 8353217
9925896 4152611 7014942
3882979 9923336 4886751
5572046 5431442 3159471
