471 9198093
2465522 3212589 2826430
4601827 1909679 2559261
8657706 9185014 5682554
2549455 5560094 6057029
987425 2023523 8441647
7798514 9162122 8716621
2150379 7115356 7813090
2211938 6927033 2187060
9381624 6186512 5317849
7540532 3137312 9214320
9254977 5602834 2426909
2081407 2721013 4336588
4640668 1378720 6037954
2839574 3928175 4114401
1412955 4915600 6137924
9854602 5230467 7816398
1087575 7380846 7448106
8900665 9592784 4375139
1087725 8974408 3078004
6405575 9031292 6215316
8136247 8286269 4334502
563157 2884028 7055516
7416097 7524696 8434236
5970404 2880622 4878763
84805 4293577 9794363
8739081 6664531 5024830
6555479 268458 4922029
4003585 9169124 7031165
895077 2773201 6005574
3973081 1695128 7553218
2704749 9831376 5839488
7039251 2910885 1239868
4094767 2843334 8764565
5045355 8813738 4161539
9924118 1414895 971469
2234834 153976 152352
9776016 9225807 420811
7214397 5745745 2106287
4245563 9157174 4879488
2767489 3130255 9090969
320707 8351356 8922345
8676547 5390607 4349582
9916416 2001727 9709268
1197333 9563434 1039359
5358872 2003905 2454254
8846693 6755091 5124583
8999046 9047459 4350390
9419857 6261857 96135
4042496 507420 9253309
8921984 3274909 4899916
8012953 3595616 5767624
9451650 4788516 3674584
6317584 4704932 8192663
6026853 5902265 7756097
7066212 3777489 2276354
2036818 2624183 9031445
7161401 4139581 8078905
4028144 6075790 4340762
6640631 118286 7364534
8410293 1556622 639443
5826561 2085928 6751411
1594186 1537578 1539927
5268770 371515 6244859
3461433 6398368 4663476
3733882 5980932 8440966
6010237 8017750 3581501
7558034 5179152 7721082
8153291 1723648 3796872
2494053 8364279 3915158
2374939 6774572 7988132
3014382 2601134 74060
2282146 6711672 4127991
3822073 1980442 4499506
2583285 7958227 897874
9763113 1692109 6878806
720431 218698 4896556
4301932 7776733 2592060
4539366 8446376 6832060
852590 940430 5196340
4767748 5831721 4487264
5272233 8846104 9604750
5346293 1128250 6316422
9474284 7466675 813216
3973790 2566312 1287795
7388016 2329426 5496257
4266822 3049857 5714955
1679731 9868142 6008040
6788143 4407508 4454417
3620204 5260099 7911199
8816544 2544199 3742920
5820160 7816432 5105376
5424911 5679078 6233626
4257685 5153362 6216654
7587254 9127153 8782966
8875049 6515169 1112392
4371306 3298344 4162250
86262 4978075 6546744
8610654 4282570 3470604
3065071 7902774 8730703
3492622 9235670 3791255
7235543 5055831 4124039
2340919 2997094 9803117
1090898 9771131 4956480
9823904 7358385 6599985
8606870 6233435 5631506
9719263 3121093 8929850
6397865 5723707 6424277
5460961 4334362 706848
8931565 9915785 1125974
7662269 3408408 361645
3969876 3160303 5417476
8093915 8017574 930922
413385 1624824 702053
5369865 1448728 576791
4486202 55599 6810226
117708 2291214 2447671
1563911 1205431 8171379
504540 6666392 5022093
1211388 5597957 4937878
2337363 3260226 862638
5215360 9746454 4022941
3149188 356722 4556868
4080110 770107 6181692
7298515 8656324 7630421
7875306 3142526 202372
7201884 5776586 2493586
9649556 9856849 3699017
7820935 361390 365409
2843028 4089130 8479718
297258 8942845 1739945
1159897 4158205 4002751
7699190 7307393 4359473
4772410 3903855 5129580
954103 1202371 3785904
1100876 1594029 9444782
3819600 8795914 5221369
6313186 8445470 7594570
2528555 8782757 7955960
5410316 4142137 2045091
3890034 4439395 3504288
8146331 8115644 7662494
4665435 5814835 7486239
9024908 587245 1390095
6670841 4057700 5108818
2973097 7674928 6702847
2417880 1494528 8015113
155601 324066 8976935
7750171 5368973 7759692
5706132 779289 1901829
267575 7185676 6341225
3771863 7848359 4456869
3950709 2513794 2788056
1436949 1538703 5891654
5343396 8209544 9949354
452214 3698993 140635
9671413 6116873 1635163
7686527 8788826 4475582
6663462 6538998 9844555
6939507 4761482 3140197
8841336 7545409 2842225
7698913 3833624 690584
4672135 7784334 5720731
9976543 1737635 7259434
5868197 7081031 7985330
8333904 49597 1684323
8474539 9721010 317549
2626054 9923889 9106375
9617988 9103704 8161725
9462544 8559563 2923207
5119093 7400899 2984968
477670 7616165 6818593
3684606 4804652 4602927
9405337 4781195 6340562
6664771 3165745 5937945
7166453 1499649 5987542
1367129 2490540 8224904
1684678 5116594 665146
3307405 7250935 9768850
1469131 6713479 8328413
6908690 4348924 8245664
9893659 7342946 8378181
6712252 1027552 3182833
3831531 432890 480381
2688445 9614013 3646126
8626390 6780467 5145775
4613932 663948 152667
5355188 4864978 5269261
6020334 8172383 2520196
8305536 2157866 1750027
6633949 9066557 8615303
7395966 8960216 5958249
8290499 8188820 6985802
1473333 4536703 9935044
4470066 7225148 9549057
8116192 5851538 8845876
5778319 2981822 9509824
5930986 8337010 4374802
3716599 6873697 5063538
8753148 5179233 7221404
503175 4329535 6287961
1634831 4241853 7764529
109432 2532352 8469701
9611586 6522037 3006404
9546630 992103 231552
9095688 9108295 8599442
7941564 4886614 4097616
9967741 3333952 4950979
4342543 7050552 1824676
9406081 5803700 7003909
9143838 8823227 3849796
5431799 458058 8091649
5712681 3083843 624002
6698734 2695429 9662391
9705139 4758412 654495
2453043 6370452 2279142
3568838 6828368 7165757
7666454 6796109 499709
2617433 1138653 66613
4442109 3061086 5870313
3962371 2204924 4693541
7812167 153076 7667951
8420169 8382109 751794
1560523 7597195 3447224
1222914 7302334 721988
1877409 2271730 7092440
4156552 5840568 3920808
3838661 3507022 716918
6854722 8640808 4371923
6921336 3082917 9949361
2791649 9561640 4670638
1542 9890160 7340066
7669494 8310329 5722175
8421288 9870852 3319370
4384864 1093766 3138057
5106852 5487528 7926139
2199292 2160432 3766707
8636453 5999093 9790081
9353371 5370167 8430889
6241646 4807855 4030159
8707359 7599505 6108151
3377997 117399 5998311
718063 7786893 6824992
8956590 6208182 9212196
2275961 593046 2822315
7930370 8216251 8309843
5856509 2931895 470275
2139568 1568348 8985720
1929649 3438071 6872239
2876891 9679717 1680095
9423402 8387077 1795952
8047905 4281426 1913351
6562569 4999490 9700245
3387561 3956080 8424779
2599758 8748393 9017825
5422073 6678763 9750428
6248268 5051624 2682324
9234895 7191192 4250672
8220615 1637194 7688744
7609206 7030437 9884813
9289301 8970191 788242
1085253 7018096 5069669
2998605 3580665 2585511
2698850 9484579 9057943
1123629 2084337 7806337
2657806 22762 7001452
4924587 6271030 2053077
7606911 5505925 9244269
4373935 6242892 3397815
4579031 3852098 428252
4463845 3141400 1914795
7768439 6743005 8932892
2838108 9741610 5029909
7939971 4956812 4514488
6997915 8596793 6598825
4804252 3770952 9137939
4322056 8695539 5408969
6375133 8818802 3431246
8135755 3192737 2190490
1533570 7771769 6042589
4478175 4751966 1700341
8909322 2520405 8443346
7842214 7874866 701309
2872124 5814837 5658121
9902964 5329104 4254915
9018142 133356 8025867
8156081 4455413 9237758
6081403 3346898 8056560
9512649 1482653 1249297
1703140 5532576 1537418
262081 2527103 6289384
1962422 1436425 8809790
2922120 1794992 6684656
3623429 7183468 5015845
1797903 7086432 344950
6052818 8620926 2994658
6595037 6777008 9966423
8349147 2858411 3313322
6405707 4887412 7312327
171356 9106904 5361255
1708775 9368985 404710
7998159 3847759 4357488
9324301 6769880 6152480
8525309 2909661 5852300
3541155 4707564 5455084
3886105 3276734 4076011
9397115 9871771 853019
9363539 8220918 6227782
5193213 7142977 1115194
5021892 7314334 222099
383148 9023109 2107436
3304210 9537620 5955196
7661698 8861922 5241428
6330530 7387231 8151089
4699182 3444738 2858654
154267 9847195 6135388
4230278 9244311 8523512
7599649 1124202 9260782
3827431 6317415 8920112
4942625 3855659 6234446
7681076 6755159 7773907
9788513 59370 7311527
5743709 237420 8689801
985137 9084303 8593385
1652578 3783485 2038123
7027584 3937752 1885319
5679325 684382 3645982
6719189 8284031 4770184
5979971 2111462 3603951
4900083 9570440 7459610
3650881 7251516 4214770
1424788 9556381 6790492
1252668 5300090 7027912
2458821 8801579 8628567
1052206 2970510 2412053
5606682 9998094 6349805
8353 5677419 7034188
3654335 2396608 7834571
940871 892932 9946034
7061174 8309367 9516474
7037136 1960249 9284342
3768258 5901389 8840724
3075102 7154057 6657166
2619367 2129231 7975098
1247934 3181437 945608
3659987 1304471 3460054
2526145 1312824 9137474
2076685 7483511 4050434
9911256 940734 7459718
2373642 518260 5769086
4406468 7555397 245687
3690811 3840007 6147076
5047887 6915110 5817486
4221405 9534477 7946717
2196503 782411 3644506
5658463 6958751 4948978
9118518 2001248 8778154
772344 4077933 8778018
7339130 6505541 9718752
4798849 8879184 237013
3084287 3285652 308762
3329974 9492815 6665121
9477050 7057054 3580231
7810888 1278460 5631060
5757605 5991315 8929824
1918464 4166131 8404927
9383794 5801001 406175
678300 6573345 4484108
9456318 3912475 3506001
1691423 1227676 4901537
4444788 4311963 703542
4753550 7641937 196357
3935023 9635340 9769764
31607 7446228 3564576
5662667 5720186 2072243
7108843 155002 6238374
5513770 9538796 2039375
5919945 217096 1129072
2920405 2189767 7557900
6426407 3881190 8785576
1327944 8325978 3097540
2031486 5595880 3255829
4744196 9530903 2891169
7030312 9562510 2853750
594888 5225178 8573936
2667131 2334021 8728938
1421858 7847792 784086
3461233 6284089 1001182
4590306 9204495 3190949
2148206 8147254 7072139
3450134 9475198 7914469
6547674 4023037 3510349
9803504 1283585 3041253
5211025 8313897 2603763
8064775 1425137 345293
9155063 4092268 5195667
7884001 8030478 5559811
8668087 1491712 1843900
2185622 8598370 3564747
7892923 3262928 1712001
7481415 6713062 3703552
5395884 3260737 7726589
8906234 5580593 9010174
4463839 3307970 9840423
9583954 1372746 1265560
9929248 3044161 7874180
7641267 928163 5904659
3201078 2112602 9912723
7561330 4298224 8511093
1126078 2191148 1774021
5354431 9672563 8487083
9057983 7584799 4264172
6784572 6491033 2361117
8311098 954872 5669088
667873 538827 9558186
4449785 2984427 2602347
2323966 625694 6046862
744977 6343124 8159465
657700 6420806 4974041
1685145 63236 9681541
5975518 5417668 9354104
4462601 4475651 9455256
1243126 3776576 5946289
3604243 2087674 9417514
1789683 2755548 2472693
1347869 9721685 7973472
6466569 2045651 8599166
2513431 5306980 7458642
3189248 5964680 3879448
8163290 166177 3942685
7844831 6141695 1876705
9715288 3120649 6352356
9170544 4363775 128932
7633185 484370 4732959
7050699 2274054 4859
2039744 6138275 9726544
13216 2604844 1772196
1128734 7634628 9595528
1103728 823876 8076561
7499529 8987166 8242738
3958566 9348350 6900786
5835271 9063638 21435
2187627 750534 4385210
4832912 8383719 4869580
9565871 7950771 9659986
9570730 9990515 5798262
9297274 2520084 8403106
3585822 3648818 8554086
3181351 7268899 9377963
1257912 4768428 881481
2017002 8726994 2746183
8917788 4562265 1809821
8939223 9266244 5076707
5840785 4099156 3460427
3226718 3665027 3927550
2886704 5752109 6434417
8684966 5049384 8954501
9604425 1151558 5119672
8158511 4332909 2388571
52826 8107173 7156999
3450660 2640528 5883993
6196843 1558316 446258
523017 3013892 9712502
5599724 8854677 6328011
1576503 4597747 9993038
5504053 7484452 5745148
1938471 8685770 3310884
892972 806547 4462442
6012644 1481411 1311704
917567 1534237 1935229
8074566 4984897 4575757
6474911 1181741 8650426
