674 4265959
1716035 5377721 8825346
7298375 3862890 6439506
6321278 3575935 4545998
8756035 4642385 8416672
7568989 8006057 667171
7517643 458304 8818236
6299555 5309050 1042951
2334832 2788209 9610320
7288044 4542362 325388
8876464 6152806 1981414
5658776 7868842 9875487
7000474 5167217 3738377
5956332 1488495 7314312
3018682 2760882 4473050
1435354 329872 4995459
4618877 363867 5453763
5953465 6663422 762813
9512768 8998255 3551022
1639441 8802651 8093384
1964829 195468 4246191
6462596 8370596 2115033
6338083 5371070 9798602
76461 1327403 3803450
9907125 6862437 6564332
4380175 8297792 6894204
1891987 5433021 9774424
7345750 3902839 6437846
624916 5931959 7952453
4175938 7571400 9271457
4785675 2052582 9466925
1548218 8515178 353873
6179603 4853261 5724943
5978205 7446074 9568698
9781655 7353200 6431136
8862340 4249727 7245280
5756544 6141714 5194653
5530968 6003817 1613844
4485167 6628733 7545804
2437620 3321023 5117204
4225429 623050 7169786
6208706 2171268 8201316
6562579 8350871 3054578
4803875 6845429 3017004
6888925 9143436 370204
3320061 8005776 7136284
3081693 6278673 3277998
792699 4325993 1798167
2406543 8811160 943252
9952347 3765133 4264276
5069552 7990562 4887326
4755690 6715621 9574947
2957007 3278200 7925818
8527937 8082075 7287599
1544941 4971001 6431036
4431498 807414 4436812
1567782 6405460 715485
7362132 7198159 5041479
1676652 2121054 6368991
2619904 2073402 2650476
6884180 9659306 3157391
4287859 6931348 9873012
3862806 2404707 3151212
4304976 932644 1233288
1592576 4993938 8720641
8023612 1941788 2044407
4976776 6025922 8449867
8208614 3388054 8164378
3250093 7581058 285433
2135436 200963 2358835
4785913 9601495 4534493
7943304 3889354 1465841
7816316 268512 3870549
3483880 7089841 7319545
7233520 8682417 4829835
5954161 9222381 6771623
7998569 4199157 2797545
8964788 2407771 8701952
9645519 8174216 6283010
9930952 2826005 9000325
4806139 7611918 8601821
9340632 8071574 2491175
3322825 8404242 5276040
7193374 1888122 2365881
7029272 9121643 1048298
1859107 7592156 2787031
1147083 8107077 9502540
6460980 7071866 1910312
5162932 6717385 2600880
3962295 9164689 5426885
2962620 3970828 5555155
1564441 5827812 3626729
6571969 9150637 4547323
4364361 6344012 6435446
6730242 5889636 8073441
294892 7748743 5665597
3081923 1412178 3772675
2584463 7873159 844541
7011127 5552443 78278
2128360 2031090 9242967
7555245 4993711 5730147
3110401 9074504 1557959
9253482 8162825 708596
6317158 2527186 9568960
2752604 1773780 5458596
826045 4585024 5723692
6491642 7666947 7135870
2780669 2767763 7525381
3625210 2295242 3077825
6219840 4423602 5108915
7979159 4495200 2618978
3709306 7605601 4209835
5267265 9375435 2372660
8492214 8208945 7416199
577526 961549 1706331
8552475 4303946 6291356
4276167 3311941 6474655
3928389 6092610 1758770
1453771 2234173 4054013
7047948 970365 8477615
4673215 8949525 2972815
7292194 2658831 3094768
1502029 442449 4986556
6391041 1451015 3195501
6323592 2028541 6673403
8029924 581016 3493701
6837632 7373535 6805642
3312287 1301925 5414605
5071058 5272048 165130
1641423 4836348 1135495
119038 9509563 85020
5608206 6801757 5260204
1219326 820138 5702653
8722234 9727532 9670020
4434088 6051124 1698561
3623843 6597400 4795930
7117544 3435032 2169465
6439539 9263672 5987742
4370496 4334730 3776142
4535626 5976153 8612490
5671121 8611543 8122054
5756142 6736101 7440163
3532698 471780 776654
9235351 1710366 504186
8905371 8660806 9071662
3120284 2284649 8185415
7916214 1918546 4136799
85680 8358085 3400471
8589774 5244933 251553
2365917 9780559 8744058
978407 7968032 9871954
1616813 3724174 6608055
1573329 9773224 9596187
4866335 1524927 1306554
5370521 2946650 2483712
6958535 6066935 4768362
5143950 6499501 6686908
9280750 6585181 7561345
2681221 7691308 2806278
5449127 57225 2586837
4193185 3551984 554869
4065139 7685150 6795396
3189547 1774831 9084972
2785734 6641166 609900
6608640 4528039 3556550
9092353 1486574 9623485
6377067 6630525 6122987
3063975 8427627 5224520
3141672 3625200 2915828
5947950 9074327 5489405
1051139 3267513 9041390
4122360 7332652 9242892
3434108 3038551 1017723
2519081 5824286 7658889
5645333 4949278 2186928
9201883 4041631 3673502
1341721 2935050 2820379
9981060 8515377 3764358
7721932 1657049 7389559
637761 121351 6463886
8643518 3688842 2247751
201260 327555 2096756
9444152 3761663 5135307
461875 8797096 3475945
8120764 4442429 8425224
2824044 6160665 4983207
6497547 7502386 7918258
1834278 7483446 6433635
8114989 5205378 8090685
5504548 8359491 728388
4484786 7003010 4417231
6732538 7204270 4744786
1345646 6648423 1022801
6480953 9626650 2336250
9956899 7747415 9295031
8382123 571459 5455696
5881682 9585358 2958082
3799940 3935989 2957880
233576 2050978 679611
840613 7555526 9039102
4085353 4556664 8558464
8502584 1289202 8279087
5763722 2634848 7443862
6786524 1632154 7070512
1639126 1589053 7334279
934157 2487528 7905739
6389854 8369210 7449
1864288 2169151 3943438
7338521 4919079 8510768
8018132 8276044 6066294
9573586 2361397 3139311
648403 3380334 4428513
1443842 9144056 9579714
8887704 8446932 1211868
8474568 86058 5317273
5808848 3536568 7804801
3714587 9926422 8690363
6238388 4307062 3375866
181827 4161935 8294945
8692595 4696419 9087341
7275242 4270006 3965091
414553 7434761 7345425
7359418 8878603 9005833
9455484 282659 7452766
667352 8757227 55176
5984625 4566075 3591744
6305778 797014 6034518
4996142 7035403 2857933
8372008 9733582 7019868
9183306 942529 1716288
8270647 734123 8502646
4752090 3665028 8453759
2097515 1024447 7332362
1103349 479931 7615021
1072467 3663636 6372248
1127643 2164613 3454676
7235740 986744 4251690
3270258 8499238 1287093
6128191 6871246 1020675
5664412 8570904 4479557
9897052 9357904 5213680
916050 4109994 8878709
9369809 8723862 2419508
9218523 9827211 2899439
9349896 3416030 9079427
8238496 7060025 3760393
1693172 4295765 4747137
5944863 82376 3246375
9748308 8726919 2633973
3285336 4391331 1204878
7764893 6804735 562782
2978573 7720785 7189128
1857282 9606946 5912990
4276790 8825469 8256553
9692582 691717 4188935
1288361 8930214 1248961
5048754 623386 5544726
2312243 9084601 8143454
5558618 8832910 6870374
8192592 2118246 1261705
1913822 2399491 8066441
4992956 5378064 8303578
4698436 9751699 7910525
611427 6544841 9252346
1384332 8753775 9944064
5573268 42137 1390630
6822229 7607243 4530368
4883307 9919487 3614970
3026762 7994457 4964232
9897136 8703401 9598830
3675193 617223 1998321
4257986 8126531 7376385
2561565 2824968 9644436
2988442 3436395 6189278
4757140 7337079 4943053
7217556 2910347 7501542
8608186 9732576 7625138
5654907 7132236 60977
9269877 158998 8055434
6750461 2572486 6758836
6349291 6247679 9892411
8347612 505666 8018943
8240349 5583583 3360263
7884786 1088377 9313010
6590416 5845517 6650089
4049821 5579426 9560437
1551364 4187612 1809365
1692854 9842519 1457953
1753831 1628748 1616951
9809265 8379209 4189437
9084453 7244852 2953469
1493217 8108816 5975487
2028512 6349166 1559070
5388775 6750304 2647447
4701785 3340720 1009316
3868226 7390541 6588742
3428663 1458257 3292707
7754381 3151111 5651578
9212334 7421294 9796679
3345638 9746912 692240
51427 1347717 7937093
3004896 2840934 6045909
8980383 4869446 4911427
3055805 2774573 1661731
8219604 9992710 7518803
9228921 3860937 4909345
8334015 9805952 8883954
1626722 7560333 4551418
9794653 9289020 1972712
9591332 2634658 1719624
283572 5202437 3067342
8220665 8207334 8424628
6782927 9704069 5810427
4210706 5276227 8585000
5872438 3495831 8577711
3391241 2724752 2438648
816938 1058768 2244600
2217245 5201842 2321286
6768663 4996495 1610306
1257727 4587827 6761316
2977352 7387752 1963753
8561046 8124769 2687439
9502026 4907696 4907861
5312453 9118403 184088
3897454 7507193 3679919
2475165 3414786 8921024
7430165 6748077 2496144
2191117 8965322 7697986
4512403 8250337 5210834
6122709 9508064 2315013
5400377 5001768 9702765
7364131 6079166 7827535
2567922 5581193 5251583
7475783 893646 6886338
176223 4791100 4393531
3856143 9782617 324670
5293519 9729134 7072747
7789663 1920252 8554421
8004001 6432655 6804758
3214835 5071717 8829174
5529849 2988446 3830943
7748966 2868929 2426461
5576501 5436852 8007654
3344437 5428987 8901301
230775 5605211 6208753
7140659 1977706 8507723
7465329 7271225 753209
7054428 5060888 2673461
5608849 5581241 1622469
4929959 8796077 9210538
3759133 6842278 4715336
106428 7107596 7584266
2532890 2684098 5537470
3056896 8544887 966457
4474549 8775662 9088020
3199655 5916321 3582078
1707378 3381650 3369655
4976939 436078 946895
7650401 8561279 6528137
1789222 6007590 5324214
3516112 2283076 4682844
8231448 4905856 1790440
5815714 7438746 6990890
1353184 3011995 5535777
4835994 7486544 4311440
6440366 686199 2744113
22445 4909929 8642116
3392100 9886869 9078194
4338996 53622 155826
3383485 4359196 6163416
1224051 7875308 8446492
5906895 8623108 3352349
213687 6955175 3307447
9720930 8308359 8835794
5256707 5660705 8838691
2084499 4617424 9524890
7344965 4639869 6951172
5987081 548321 9354393
7581627 7403669 1924367
7737453 787154 6283563
6417222 2011205 6675223
7380066 434452 7814683
3248767 3164492 4769858
9072567 2885422 5594570
7908361 658481 1255275
6747052 2742981 8389051
8788295 87946 5545272
8255819 6075027 6093594
7610212 3656654 6013615
9534579 3910460 9317122
8334494 327682 3844679
7526069 224100 4279132
5340752 3472868 9959976
2626963 2545435 2845398
8221533 453796 3503879
1993160 9717201 8763212
382212 8505496 8851158
5927484 6761315 7442537
4537430 6887879 3615544
551046 8938810 42356
2384520 9789656 370038
6229199 7315725 594138
3024683 5172829 6583358
2984659 7799792 9128793
5830057 6021325 2098942
9333937 8014486 1816143
613501 913050 2837991
9464660 6840534 2115658
9423549 1377965 9003537
5555445 4445363 458699
5597801 6829883 248355
5967839 5575434 80432
9078330 8600118 5253261
8178040 4101129 3053054
7306834 9931187 1590731
1922128 1781476 2121569
6254623 2394977 3034619
9092614 4375989 2391506
3724624 6315891 6285823
5244513 1871336 3247538
5703212 7469138 77421
5951567 5953329 8169207
6031999 7548011 9285677
3801612 5726052 3386807
9371018 5549238 5834346
961750 7471366 7615822
5599671 3725989 2527151
1150643 5334955 9419493
3542149 9059579 5735384
2344324 4304092 7606720
5591862 2523656 5075858
8185635 8475223 1029188
6354842 7023574 8577199
5640520 825186 6819603
1543679 196205 2368841
7378025 3674307 2356559
4993847 9273978 8598900
37350 2940973 3933855
9456843 8999474 5509786
5192227 1343798 2330230
2798948 6935660 4853886
391158 7637647 5845461
3936698 3992490 2869035
2513898 2149362 6210574
1849853 3693041 6406779
4218695 1071066 2597438
9091606 8581265 1871416
7690507 1134967 4812390
1624362 591811 3811864
9650501 8300390 7672015
1980731 1099338 7124027
9350970 4006849 4761675
7712783 7943547 1270517
3098171 2973797 5936231
9308745 4823651 9629272
8231876 1558698 3216690
829314 650304 4314307
2700730 8340811 5449274
29472 2481526 8557437
6357689 2132027 6857828
4029704 6629110 473518
3670083 8496432 4480367
8431758 6209216 4940267
9702275 9307387 7914064
5638506 1132484 2737715
7784130 9364360 6812765
3517172 193674 7463070
347831 5410756 8320233
8313458 7956581 801759
6870895 4314270 5450138
6245075 860326 4595601
9234946 4530409 5608385
6231665 5478520 1817601
1171932 5180795 3641340
9085997 3335654 4773824
4340064 3636136 4138184
3669182 7153309 6848210
1132252 7501140 2258967
1968837 5814598 215548
5286949 5201846 7046170
3253439 3963273 422848
365392 3198219 4953257
5973778 9429885 2948129
307731 3118169 8128925
6465424 4720518 3980931
1239248 1576935 7617067
7893785 5246117 4770376
7258347 8894721 4787869
9517314 863558 3118819
2249214 6150507 837017
1811736 9403947 4800291
2234584 9769339 514862
9704194 8259469 2461099
2652323 8567201 5579269
3297600 5032625 2816139
7278531 8788225 4393074
4895599 9198362 9639191
2182327 6456710 8533912
9486548 8490376 9397471
2605368 3255943 8064330
5958737 5067679 9984629
759028 9818616 2270321
3790243 9522810 529790
6251342 4691485 1613343
4346963 7989086 9162320
7163103 5267617 466898
1556177 2679568 9665260
1195369 7378248 8638322
2245633 6864796 7128699
4159456 1986516 384642
4740139 7945254 7968673
4724768 1220634 7787289
6995089 7527229 7310099
41232 3778572 4517937
4170927 641887 2507023
3333248 7804990 290992
3800146 9361168 5486913
5981758 3072889 2865161
4620081 7834874 2246309
1748780 1994331 4232826
4649774 6734470 4694432
2618447 3975590 8431418
2922089 3487032 5958648
2748540 3528264 2253572
7266477 7699191 2895459
9773500 3548791 700450
64493 7348937 2577970
5551406 3330696 8167211
932919 7950777 6002085
3179228 2215909 512768
9928406 9382035 9763590
4622838 2000482 3739181
5570609 7438923 7226213
1529257 187464 3270829
3782829 7453941 970020
6678288 9743794 7035164
9895090 9808287 4384101
4989412 7876045 231149
3156623 1325316 698278
1675061 4504544 5430539
2187829 4432951 4812574
1951420 1572141 9329409
8206953 7142750 6768332
7949518 1188359 6955796
1220347 4971188 6926090
4706719 4165829 6669884
1741883 6577271 8994523
8642337 1566684 9386920
8873486 7239659 712236
2088117 8914720 7733132
7518656 3618902 4682435
2331231 8086674 6254577
1660640 6293627 5913679
945324 4243145 7102039
417473 5463492 4589579
7343563 2686563 1271760
6529799 4428447 365384
5524322 3070784 4448420
4911242 4460622 1688079
8139830 6548739 3119152
5872962 6583748 6738054
555398 8914979 4824728
9326327 3091971 1118355
7756358 6553647 7877852
7374749 6971120 5857696
1964329 6831035 8544259
5752441 3360834 2972706
8634177 8885156 8559842
3082597 6312750 3020465
7287029 6968932 2085556
406181 2841895 8669304
7144235 5913645 100635
4485315 7756324 3192606
5603670 5512682 2262606
5997874 2887432 9233726
1855570 7368113 6064762
399829 3120554 9425596
5888888 4271084 827105
4448730 7353681 9656207
9985547 4640710 6625140
2071104 7563243 1983387
3256760 7223830 7897032
3357396 1709145 5653356
9066354 9829167 1166038
1328960 5827041 6569822
3079039 7682611 3937935
9143801 8082441 9574842
1085749 3971329 3845926
1912854 936411 1199607
4085414 921959 8356670
710554 5509415 8436265
2693941 8766175 5660096
590973 2123571 7369241
8760681 1189926 7198409
2443071 5035238 3025450
9012894 8114277 708062
2950829 9774430 1306855
2525671 860180 7794536
6371597 5289386 8730947
87557 9374800 9652906
960579 2601706 5162321
9396844 5295647 6444849
5056940 8402972 8568420
2426182 7163653 2274698
2140943 2123077 9826289
5166393 1135971 7940566
8390807 6603152 231349
2214014 9128824 1091529
8550 8016773 8897267
8739498 620682 788420
908756 1581261 3390126
8587430 978106 8685774
5032279 8551398 7088746
6117051 977580 6768752
8391750 3118523 1408181
734391 801269 2544152
8674957 9192076 1663656
1422658 3922443 3308832
2514187 3930993 1325606
3927807 5186843 4462640
4716227 6095600 6043902
8106353 7199382 9538360
6792127 2231661 8089758
6397226 865064 9067339
5682330 1773166 4702214
7090511 2507557 8019835
2151015 3698867 9728264
3814671 5121525 3650707
7123504 7635713 7581700
965462 1563520 2768544
5428102 8796099 1380496
1472004 6902452 8579878
3526716 3694580 3327891
1616475 2608158 4192955
3200166 8290488 5966122
7902380 7897351 8473679
8438568 48366 2172546
8166832 3863037 7294072
1817539 3502893 7446137
9399239 4468355 1526009
4684135 2412810 322108
6064631 6401166 9740912
7160861 9927883 3435492
488752 1544358 8560002
7198060 7260876 9366842
3164182 7679608 7264193
4154213 6118176 7312559
6326760 4285008 3691949
6137184 6102547 9711194
6099673 8018139 4179550
7625682 5218626 9108712
464142 3799610 5509878
205054 960471 7954113
6156899 3965576 9498471
4716901 1163636 9275699
4083744 6844170 6955308
3864289 998383 3073484
3693201 9841495 7358493
7385150 5978679 5977392
7096344 2078352 6511883
3792246 2220386 1730510
2900958 2684528 8046472
927189 2889583 1523295
8881302 1562834 5488871
896126 6279735 9168859
171825 2879831 8529381
7127133 6744121 9527765
200618 2953674 1885612
75463 338824 7864292
8569207 9951520 2458996
5081091 6260119 4679383
9327953 1677429 9880263
9890777 2604618 5286198
1414072 4002273 6849032
9419296 7414751 5645120
