1365 81384830
29155625 56094473 69121759
53219587 93744618 47725500
12858513 28673982 43023615
50297163 56890919 81646907
48819746 84746630 41745219
30629740 91004729 24021735
64903583 23406389 35318810
5033248 37164486 22615833
3088185 46018834 98316065
83625853 43558537 61303782
65010683 72714162 69914607
86648794 78450101 16175577
34374294 91308614 44849559
77397910 41605777 54256831
11561169 42941875 39003461
5822740 26087967 30008190
82360828 90991551 5930931
70195990 48541151 43095417
92811823 51629336 89114251
43644240 35255189 32672788
57464374 265873 57903302
79895333 86914667 36353403
96070911 21288962 27662017
40920470 51203224 21784146
47693653 15280745 64726021
86697114 21103485 43330341
69221656 3464313 34321892
75152588 73660304 82863043
18248005 18988479 87008732
59878609 15149072 22263921
45067749 72613446 22529794
2971052 52508780 61960814
39324455 1096043 83249776
19502825 42016513 86969352
41286971 89710167 2250097
58529345 28923633 75869934
1859686 98145290 79334248
88697930 25814230 5510904
24077325 96578587 24499383
11086057 8973548 39648455
33349979 54041298 64778254
8396125 9528702 69803386
70356939 1369509 70899429
6123067 20872334 12915942
45608771 14675658 55142461
47858868 73205003 36582447
23728803 27581041 87244089
55579403 16278971 13058319
13606659 40356296 62153258
38106042 3958706 71126807
30270850 37308685 25168105
95049104 45704810 87213159
64852490 68578102 88582668
35751919 27217521 61971355
1184213 72826293 76647013
8843027 20685161 2368368
45425474 96930316 29949409
32669563 5026071 98744732
98244234 18632730 91617380
60397492 9255125 95576086
31524299 39525975 32884771
9208756 87091431 31105934
96421915 4460273 99684036
37520936 92728544 79417909
99492291 93912757 52244202
28655656 55272136 25445716
31024024 53213962 74892384
13489785 85883525 79918456
12234517 36644111 51067538
3851897 97041604 12839015
99427984 81082255 4881342
84829107 90291012 91972773
15935041 39229279 48949398
68135429 29266567 41677942
47553339 81275210 88107052
99797541 9930866 43379188
25243257 93471242 96593151
52651994 6961027 34993028
32570450 19195544 24153492
36154340 75563794 21195096
48993356 74991778 2277351
53874698 59820885 45084715
98363824 28272279 36830347
47313222 96407708 18613266
88991165 43961047 99888477
77098217 96274941 62335695
72993757 74034550 55806938
22103260 26686544 62767965
9612641 11773346 34479862
33766133 47927687 10043656
54961229 49437395 37551786
9754932 55828445 97372671
7356000 54192269 25644950
96702699 1505492 74569011
15315965 43013009 71046410
67720794 72627578 67321351
30056490 45621335 93872254
85863428 20240948 20558798
1147745 29853589 84848497
35627607 63619722 85292536
45671263 71097303 34729931
83223049 33368587 90558376
33112073 40724587 97266998
11273375 89943638 98772490
85842386 5259604 94301851
56888797 25496750 66929429
76726500 55553240 65067116
70598754 41416668 85308064
43673905 42564414 67678005
28522402 30708373 31297727
13814938 76379637 54911382
1061221 12119038 88279970
44135949 97747463 81520909
41402947 9020839 71464548
92691789 94863225 29240504
86993640 4268374 54737254
6439421 80994875 10290495
71506538 4109981 4223515
9330954 300238 99304281
77008960 28822640 30012655
60823039 95153930 58908644
15734422 96215151 23544034
56530744 40351101 21291498
38051653 34270400 30312337
9516201 26962190 77691914
91273057 13955830 81960289
46010312 72911604 15471516
8817159 96934494 72097849
65557026 6265448 72398088
64861308 35790760 53737080
47390315 49130152 1407363
6298959 17380926 50138866
29842993 73911670 43006319
3650843 11963323 77276720
33963180 73995877 4238910
64171447 65268934 70711092
98648088 63795598 96139048
66635956 72612757 93073542
38733805 38169784 51855343
63648245 55547444 40162455
69901678 2937759 89292607
23825393 61753070 59189885
73964259 44112415 33101555
16970579 47763259 97581231
46763651 34242791 24093460
3518913 98414238 89362394
26746357 97062326 5674345
22885406 63698282 30803454
15958948 54948440 21489590
67814291 18596685 77037034
7976747 41014715 32491145
49785706 64840108 94244215
8975592 38804368 38356631
94593499 8291299 86119890
44691082 7571302 20362681
68784542 11090215 71293272
10663289 37836572 68355598
16337634 60721978 84570233
47141088 29197279 39518673
68630679 97011570 10631710
98184065 57504669 51646426
30675211 59806728 69002886
77435778 68782320 7807254
15792409 15892171 68614905
54428651 60583254 76186207
27307685 81884148 39792774
98600957 92547437 77629347
19472907 8885071 90867677
4043140 8542512 20064956
43561813 29689543 69592879
6709876 27873608 27097548
58356302 11065171 39420628
27359188 88500950 8202948
87682795 56809711 76611472
8814052 63754715 89711078
37516612 91062400 71595226
77309386 42179709 64142664
54938733 61652616 25544087
98322763 65695757 34086599
18387719 61773922 16292494
87980598 68483798 44166103
67594499 79356452 7747626
7015127 59231993 96248576
67734428 46914788 5574640
96862252 8245192 69329355
86573330 45761804 60391755
58168556 23071191 2571464
74827572 30526276 16740432
371660 28849039 34952541
86974611 99753111 96726464
3267106 87733709 17726614
99949561 7844560 97083067
7697187 67376040 56315060
56462116 35110468 55746200
62036756 84489072 16507744
31366111 71062402 62269549
44274218 81747310 37857092
46845682 56574883 68383368
16102466 56946543 97232408
51055008 96437506 49501871
47781472 52220964 37235580
18024438 52170525 97596493
15107505 12384065 64972533
23938917 21362533 52599353
32201469 83399289 37088425
48709214 67281752 60667179
10978763 11555970 42414489
48835855 10918004 98989372
69735575 27020470 8452267
19484335 78075478 4889774
68986206 78373302 57110738
58738139 96397741 61797616
56334632 64021598 26698033
73823517 40476868 48060566
26422870 72678337 83976207
16027647 21387551 51257959
76694826 84882666 15330281
71625667 86234873 26248285
70615040 55970449 53268755
79067307 75454784 83860586
36473433 44440991 14750240
46100524 3179130 11147981
60414492 12030114 27685932
87112525 85853631 68162800
87689443 64792853 40841137
24182002 80820500 14745041
75439961 10031678 99627707
90770242 81657345 38378933
69534879 4788737 94349382
75319986 36372397 22320518
59180572 25362182 19277861
73930813 71462706 74973343
37595146 31877198 87003457
65281078 71506075 25373440
33443878 11711870 90166293
26801368 35893872 23503145
41546409 11333833 33534823
93690468 54620427 67708521
32069401 76671658 72497258
78935135 51991645 61386007
1255654 63688569 86748190
20533515 90135734 58210896
95506859 27730881 42604447
35026668 45528311 14110522
60400109 78972190 78338745
50566402 58289910 14232617
74069548 99836319 78082803
60120723 46043139 85219582
27829244 78112541 61891241
52842855 9564028 66399238
14228862 10819682 30087807
53493404 83869550 20223542
11704301 79376409 470775
6825100 66919429 45999086
73451974 27319538 77487628
51790719 30402293 35777538
66023337 56988193 88130209
44106140 69625268 34173349
29325722 49970865 64802242
43733315 2813720 74366270
10132553 69558934 85185953
92736713 23052339 21571855
12960255 87272992 53464616
65947382 94098092 20384045
11946468 67550066 219936
41950449 19340786 83138581
77727987 37880475 40126774
18374549 34502967 62268394
52547898 63828689 12239259
69866492 60078357 67569331
44232762 70210910 37128266
81935067 62947623 12696957
3506922 28424230 99969949
56971538 46887964 46584393
29871936 58834433 66650811
30091872 53301234 38507949
13230453 31029221 76388424
5873579 1920122 10891391
68141973 54468020 27236433
32897585 76850864 87314790
466916 21083627 10042052
90111534 55535046 25506028
2808491 59041969 6446610
55294792 68529859 53334575
54395537 98401795 64685360
21046349 81010019 17986594
59554298 94240472 1532167
35942723 52630403 3452290
99350466 73288729 10436662
26586899 6186314 87287527
66418041 6653230 8371154
76460094 96764765 16422552
54482474 52089608 27980873
60929084 7384401 96510733
14263659 14296290 47428880
31465371 35342639 28438900
49451965 94896938 75195724
50984133 83356013 80342480
6952775 35222831 53631209
17389437 14326083 59817523
4676964 80744124 66470753
65564470 9720570 15751870
81987023 64203044 67841479
9967896 25132129 27742232
58994981 91912140 42038522
6423862 23377512 77381162
87379114 72829477 24794452
15091190 76329962 60666817
95433670 83282737 95889648
49064879 672175 10215731
61398754 57865491 43476208
80385860 23429962 53196778
96137730 5416985 17399823
16495561 67901233 95048304
44237793 26896215 86960444
38792668 85836429 62854308
68690182 25731895 88200138
46000986 40823085 64530100
6667803 36256756 329190
55073803 37837987 53517717
17805887 99236742 11383208
13798447 79622602 34813170
66995225 28276684 40230155
36911400 44772246 60647741
31959704 41526391 87543956
71436501 80319059 25896737
86807161 1525593 51628632
75007299 47526579 92451717
92053752 6710734 81224825
92382942 14300890 19062813
45900659 84623129 70815907
57283867 98421576 2954861
44613390 17933153 31231545
37359897 54844554 76003791
98007638 39320610 70046535
38067946 63273463 2881946
63964683 50080625 4407540
15593315 25087924 4450471
60561385 17141676 11161206
41786210 62040970 77978448
13365375 60457981 62601577
36697634 17741849 13539505
39652495 62355239 31472658
70884041 52231488 86317212
99404184 50239127 78154175
69450719 88307073 41427638
72332666 52271757 91508263
76740206 20381424 69112540
33707029 33459161 86254216
44868235 75245372 811539
75363035 41127099 61269520
37964612 30341086 31527721
4020469 69993581 46399312
35493128 40877622 98630801
74326692 40281807 48869928
4997219 62248878 89693353
46424858 34581544 41965110
37933121 63838102 14862887
7045661 97545132 48322048
45816230 94929719 76083772
46627769 70292755 69727224
60413641 60773719 68310
91941363 17310541 70061891
38340675 52803669 63455866
36971476 79646713 56254025
38357756 84643933 18502903
28051110 83585143 5600800
22532572 21518264 21955254
37395459 81080278 19500386
38233860 79412860 66946458
14317632 78556981 89755565
36561208 38970622 3045636
36629518 30911985 20356177
59207762 21769013 25676198
22663628 11256841 5322912
31434005 49614598 42483197
49936908 77665708 26068340
8054060 198280 102956
30009315 90110092 33699586
2026053 80860304 65628798
68972511 95177936 44185779
11244428 84255497 35672754
14290065 20885015 66584739
34646242 80092777 40870104
60322441 55272757 52126946
18161705 86706762 1741544
13161254 89160023 31923604
91745946 97214083 84638236
44365254 27223398 27264680
78064841 81765804 8124984
43693639 3254667 55819273
40395771 14499096 40074770
76068525 28789161 13476137
95169616 63435403 46085267
36039721 76274196 1358024
40683019 46952253 40581139
94940915 60113507 29741162
26864519 4375805 79471597
64019107 48741060 59211348
91283788 79322253 40977152
99408772 75532244 44231819
7744397 15928015 58730915
47819167 44512892 40036428
61295305 39682509 3471832
59896924 28238582 32262380
61254948 68921601 31730986
1836087 63862516 44360845
84093601 43243387 48736651
63565199 7262494 49994063
22776547 98546282 29316316
16270051 50471407 4848560
60501870 58215804 73292928
71749138 58551324 70322172
11785566 72362981 10004681
67773750 32259905 90759615
36131 46031205 59681216
31767117 383645 76060084
76127962 84477246 19303471
77380965 558797 79082318
27375028 23335344 30144952
56691344 92121747 80616359
14056257 52623618 91348516
39865537 76889108 2416192
10187709 88674674 27295525
72708743 56448425 59555430
63468358 9000908 58102987
75665927 93284377 58486632
51726011 21928691 95480231
23545835 99309657 96039028
2628153 79201037 71890725
32773105 88408734 64012472
65905817 54981343 69152442
9770685 94846880 46041550
64703229 57550941 34716225
91998754 82776036 43681002
4070536 46244395 5198262
62173523 21910322 98482639
73176508 26152685 72927682
68656739 2214872 24753691
64695767 57359377 3954729
36586492 42648835 92363463
53115317 61071004 47344806
22267759 70841689 94708038
68309310 35544918 52258979
55541887 80060024 87551368
99222889 84130560 33795763
56937503 98820435 8222437
55420142 24513295 86891474
28347824 93170034 89106347
53101516 10382154 46465724
9572597 46968646 41630911
1936060 52600315 2701915
1797218 74868075 73543604
96505256 95693737 61604874
1280587 51235624 94181250
88831955 2974865 30828162
75144070 59912368 82164950
35882859 67848862 6678245
22774334 48713038 99848280
64397033 1814554 10230434
63379109 63903503 9715432
5010021 65839563 62315748
7711936 20153133 37183823
33771893 16658389 32877560
47893119 70455329 36629536
42074370 11803636 92120753
25418884 86947707 52033121
7583834 22830566 19881983
14262080 98121252 68595021
14110360 62518285 22925928
76857146 78413747 39345783
86572578 83423768 57701699
48888326 43652056 77854832
38588501 77423949 47029574
23982413 25317069 17484903
13128301 19907791 81804891
5249054 45326675 21268950
9798527 52910510 44099517
29680510 67172590 94737121
50791884 33799302 9771759
26234164 10656448 88185506
65579947 49745378 71609274
23281646 98633705 15261330
53652831 89738558 45201632
682405 66237324 23035053
70683660 79365625 42942844
52488551 84614680 40785871
73757502 94413207 93696381
70373371 76610070 13385323
17626844 79918306 47184625
27398603 58668822 10357425
15584109 76765121 60102804
39709735 46768 11252861
54971066 6215951 991419
52689050 6898356 19745095
75724103 30098368 99110721
18666947 35103271 36241753
59452818 8860773 83171312
5665552 31750496 12297734
19050875 49377341 44732392
18751853 29292296 3401214
29109278 44876406 80166336
41728434 84586141 32729456
52981295 92073559 38945407
6489067 44762609 98360115
26234162 20486712 28458483
77861235 91670011 63561754
66619340 3639182 24938880
49790653 9304734 9205728
14604739 80871961 11099421
59337132 99623814 40391718
15254698 81249445 85268124
95421034 75494231 22370617
28150490 28475527 66960529
19612249 87480946 11723138
17972364 13715108 84726203
46430847 44092696 28912566
62508954 10712036 32551748
87447834 13019041 94372834
96653562 27623781 75244796
7752984 39477265 27384962
48144702 54731963 61150759
85929178 2669350 36644991
60816147 83336192 17636870
27776676 2948442 5117816
92016167 20920806 71349276
29258722 19868006 15441972
10687640 82376960 26154009
43239389 22341146 91689402
90128575 18994708 71829535
17889723 79264044 11306800
45274686 79925098 18555116
58941797 18370628 21224466
48103140 79186776 57077010
65740010 59479804 60025452
70857826 4012323 33462611
42207103 33271045 5846969
10165427 96475038 88223929
88835788 92230779 63081427
80525191 82359354 82076135
52354726 249078 13856532
16177879 98040116 93781630
87249347 9498265 12152259
60990165 57601406 43855387
18067175 23341416 3335191
78092628 46715595 59863867
64071591 88922698 45651264
69918560 51604477 42126302
10658841 40440266 34357081
73740268 20965457 16716436
8332755 25836535 69481866
22189287 94530766 20038334
15970918 81780113 29536599
80639529 42770278 87138005
24494916 60837454 62995774
80346459 91446434 9711369
92726678 55518025 51150419
38377943 77952937 2754896
80504245 88611778 43195162
67377679 14868398 16676971
36610467 23201153 42513507
6092333 45390441 37044273
78647019 13877711 18824387
8183618 47033592 14111017
47837976 24044860 74948471
10833750 56907671 18911257
73061471 49634350 74429282
24211890 88012293 4898571
26966786 21032890 93510349
70161949 88410569 8378747
39355272 25021036 84096253
81868779 83629721 82003046
71429405 14793092 95880757
42770144 75493063 42914349
56881161 23331039 19475561
84345985 86681141 76383232
3257242 12258964 26017582
30202877 36470854 66546227
87617800 63437640 87579118
81128150 86115941 28506039
42023249 25471214 6043428
26119502 59856345 89673149
8122548 83802102 56982594
56519657 26572246 32475657
51950358 35969760 8323048
71425919 20315745 47520541
325504 76089339 59779505
26343086 58808568 96250359
92889314 46426369 12204351
32984784 80070871 98320293
61490823 74610472 76307859
67534251 729975 88680556
9723753 61368875 72482659
66706347 70404885 51571257
99182004 74871595 87541017
60021404 46297515 60373114
7541945 99139371 36462454
67321450 25482457 47787374
16088161 70888123 46730095
28292512 3872907 26800966
79129157 65363731 1411439
7953368 32897982 54657766
96633925 42621735 68542993
21632936 61844434 91464230
73204193 61026438 66335826
60745211 21047842 65149693
21118325 81106139 64289064
10097131 943941 89771521
10400858 17032102 13175997
57130953 45324615 17048904
36448272 76970124 34928987
37859711 84923493 20343322
45033829 34073770 62965057
66093174 8223058 77325844
57557405 81427251 38352282
76409583 94688814 11916477
41559276 15807140 45538968
5848340 78420623 46482910
48136213 88821481 63515012
13828562 45952435 61355979
30877467 34917059 90842456
65806454 25293122 28282301
86149776 70326951 14872423
1631186 88936477 23095481
78957030 99010234 4522732
69825664 75419817 51727899
34258493 16979093 67535039
32313814 75343785 98472014
78796724 75996351 87293496
94828088 89824913 85762283
8700420 73218732 20679342
99542876 91541539 45972464
80341529 30207667 68815767
95213952 31838853 10268596
18309433 63312235 9278831
75348517 85654252 84698648
27076416 72429097 54194094
47127807 4742911 82054231
45599822 36055987 10566934
85409670 30884076 391848
23688305 39584496 26126932
96883999 91643724 17668471
95372815 24501605 47876139
16704934 19715557 32231344
26973530 90541342 48059932
36252361 65889859 33714184
73467362 45482628 6143281
80177808 92610435 63402545
14748391 90726609 99458532
25315326 28652631 30342608
78223526 4857288 22443456
4350458 1741287 66603532
22018930 97114102 91105137
22411421 13819036 63337046
54642765 93308919 53878388
2702697 29561280 72284600
88933233 55544994 17767228
47592867 88239154 62894015
10995412 2987546 6136977
10453944 28302872 34789608
93312905 6526398 39646897
68272713 63393208 93904536
34876246 37928490 43534991
78497735 60339911 9870379
41834782 67499029 3179298
48229522 70201726 85256931
20514122 59134960 40801925
90797702 6727827 29041080
53691718 70239591 32028626
59828695 80693535 12847850
47134655 26522792 71890600
39297904 94795506 35283808
33202441 82188104 73212299
76737432 13202191 86068562
86607811 7553325 53567591
42303462 8299200 23769318
27560393 28813322 35420630
20878670 72127377 94664809
49919750 78335447 64904400
34464728 38164142 98114287
99828930 37815149 77153432
71719530 77113054 24465290
59519691 62831847 59169746
85248342 92085631 72371937
71316904 31209794 32441615
24884496 73513256 40740815
1170166 1073649 22070489
89107148 21952320 94197866
36288309 24388422 72533313
1192709 58853151 63213807
51823348 11198433 53545309
81493132 82917964 83174715
5958422 42437655 46006562
65128168 80202349 38092193
90016458 51519253 69301987
22458073 28920101 42815244
15715240 30090267 96405245
37785729 71713767 18357565
84499948 8002076 42745988
57033261 61711137 54115491
72763421 13534486 65313924
26308730 47543970 748240
9483445 53502393 95702247
8006359 71146913 75904596
46098552 61163371 79940202
67916891 36137796 8860303
63248487 51853036 38950571
59653733 42155118 63180690
30527650 26655066 71182767
25789990 36204679 32893904
79905481 61484452 98944742
97735758 87793182 46488713
51000350 49792979 99991106
46702598 57799338 71138019
75123546 56414242 84817743
55063748 24331134 73471891
16440404 87579621 77841280
7907327 99749706 19996398
71088017 30277357 99167816
42270784 56067347 87888847
75164689 88489181 49373300
74109431 86224939 37166482
20598144 89741641 39475814
73105602 88960591 97275152
96759974 16600490 53689395
34094069 71664238 78020529
7565960 40620994 18116502
85407240 48528321 17866209
57919990 19616339 659918
57087806 14403475 56727265
97493006 89568164 97732798
46866306 16193948 36474089
36549140 89308444 26215731
76024954 62414047 15176322
73300107 11690373 31776812
26989502 45784442 55957403
57526383 53350402 96578397
28159237 91273995 45106719
98541798 49193985 17239410
99201716 58798144 31642885
8445334 56291150 73727402
6178132 3157456 89921350
42652222 92222948 79229794
21384305 68247903 94160193
36560627 41548010 5850566
20853792 21053864 51635008
76811195 31096599 57501763
25905944 59255836 48775758
23529015 10313987 50486095
40768425 62032055 9284239
24927663 70477389 18091741
98655065 29171874 73765549
88576415 24340448 65988498
20322561 45724753 34236401
14482755 34801732 28300763
20333321 55655524 49354627
24484682 84983071 80451226
81986445 10889016 92223414
83278555 86934383 2537401
33764650 27702809 64569457
95565242 5146824 87563198
13656983 3801889 69251424
87422533 44894656 93591872
5927383 65217217 91832977
40163784 32216324 26634710
68464547 5065998 34806586
70335526 29550680 72306010
3303104 64053477 83195026
95526518 99848384 22645761
50580272 33613034 50348570
67666081 29178276 8011746
55229279 95351612 11813635
76997056 35290497 56708291
23105280 41217880 74441861
14938258 33898016 59174537
94089320 2362563 64240535
81412258 25214441 46307567
53718268 28517545 62877396
36913294 24044063 62725780
59559056 27140687 48855167
62423978 94806768 30549795
70435725 2552400 25901407
34765712 79549456 13708256
43990356 2654736 54926136
70948569 70109346 88824152
30123106 64198666 43703067
94363642 45610925 68917508
93187561 51845545 97435053
56064958 88758840 73995469
71307090 834248 53652508
20162257 15774578 975629
50712053 38726655 3528029
29129812 26008720 35593837
42838069 69999076 90764925
97764205 40947645 60874272
39104710 71070751 77589290
35324129 17950745 75716567
4241638 11138307 27562113
54193043 19719617 68837305
80704864 91026707 22187905
34357373 63705317 90478835
35333002 14417370 81721843
91377383 96063534 7730563
79487572 38901603 77729639
70252497 89182161 71193636
83643121 28286871 94780739
13748764 16127352 65247837
89465331 20368990 76386144
69543796 27078386 48622113
90897453 7783250 92165172
13085358 94656975 55870489
56080546 82506329 22804211
37802389 26400064 18867746
45532952 5887636 57769349
75778943 76140134 99467862
99488931 12299607 80271085
94269670 26048371 96398438
59517507 15513703 16767428
88420003 37573851 96362166
89558468 28471305 56661769
81723641 94073015 3835096
37594130 50153561 86341426
60398342 87955950 65257842
79266088 86005254 71145479
89551789 61784197 99801965
89019652 61273128 12101572
69290737 8059151 38149944
65689175 67576658 6179999
34972956 8513014 96270202
31335122 98071482 24741507
87996891 79795123 18814523
91831988 69905606 68968084
30689766 30303948 9440387
95947608 62086388 95445641
19609439 4154529 57229839
19411404 93174181 71019319
84029329 14981271 79078470
74695625 80670446 99171481
33391976 68159754 7684495
29662178 99494877 58272329
6920038 40008120 90583805
25734561 84356460 60489411
47218997 67562578 43309711
56659384 63510187 57912451
4621378 35635978 62066980
14367569 7563735 7757514
85386888 44109416 22738785
16981711 18805041 55925583
16153192 4713369 24085338
76354039 34375547 76096567
87142720 93811937 16104687
77726525 19546498 52977500
38215936 19281848 20540078
34041999 28457584 36566617
91954450 33078962 72202596
6537783 47446531 79766331
14295297 85349772 76392099
37034082 2331483 95197140
45476017 71001027 52426861
69561355 99871418 39318760
45657922 87014138 33130698
14278962 64740664 5193548
67256462 55472952 24475396
87796540 42031304 5449333
76879510 86502106 38528295
49082106 93039889 38491179
81364789 59851538 76357303
57756888 49401972 78688786
5470380 94877990 2206165
57897241 64439345 2077583
97216001 62613620 89091721
30346699 76892582 6348737
35540248 44149044 14338042
12531996 84461936 56369346
17981329 61341446 95387804
9025977 62939904 40944046
33508 96821045 795584
76390811 54577933 50197557
7595949 12564665 97591899
9802114 70461906 14547596
11879697 20194260 77161216
53487770 3057311 54053798
12352860 91113911 50719194
79207254 3645908 87697483
88092952 74143589 49038929
83480756 83169566 64495186
24424802 83203074 61316231
25220387 12110237 15894165
27934296 19706186 80975182
78042547 29508300 3953441
92590143 93904349 24147701
22267712 99908472 27205012
76321510 12261332 18318924
79557057 91468586 74481184
67254540 79561538 48624773
68809821 15558646 84310692
33305007 39983449 20030118
94621239 17720188 32140356
63031756 98170836 4362894
96523290 76213383 33871195
476731 21319878 80291896
24624432 43587590 80200368
4345797 72425453 44978052
75181073 51982510 36446638
2178609 71753402 68524528
3319734 93079575 36599527
87630426 78900935 76582976
60176897 26038526 46819516
44833605 89070282 44990352
49196499 38109924 73720087
83067694 38586656 95039965
15875943 15727440 38627556
96076311 72589589 11053009
41054364 287014 15551871
30017354 2465623 39821625
51058235 5785358 32901200
87657762 45932136 11802135
16757090 6109033 37840661
63576606 50942638 79427295
8566958 52655490 70053572
82287045 35723184 8640228
29843362 4115479 76884020
68470918 191791 49473610
32040279 93762507 49760624
108502 23779861 4742600
92446479 27354448 10527958
77864032 67528562 8976446
42182519 84285652 67601832
80023181 47862258 18544470
11966828 8945568 71199960
82020400 43748965 59439497
43176980 73592328 63554976
20061001 94579598 16263119
22050963 79136230 10025626
24327939 79244732 86321840
29070539 24207564 66192640
92114849 2071596 33721203
1091296 44254115 18006855
21209480 76793648 65869114
39753950 41276829 27331034
63470263 75813581 71080000
75426112 18990562 97188680
91497440 91567915 91768278
60276912 66135230 70904508
70302538 90463169 2665593
9140730 19533709 79389509
75333371 64164910 81461105
9054574 17772558 78231572
27061429 38982038 55025221
45446895 31252341 96302050
25294282 47238956 24631983
96374282 22665068 43622545
46079314 66678860 87706812
37847592 26955772 53842042
61268453 49774663 96821564
16450398 58915393 16355273
95839907 86765116 33036535
77301012 95819690 50809094
55532584 75397472 42307484
63074157 73360719 73559825
11892559 98655001 20798781
36524543 47545635 95980201
32663440 93624949 62659062
20370253 31472542 42131186
26728647 45257347 91905849
23550211 61707745 3337595
92421836 57547652 90102711
25458372 34848664 85922402
28783818 42897600 13836226
71091302 5971758 87196945
97167480 17864317 85851947
17966261 6905212 33397582
66462815 39568653 27022532
81638229 12455258 11011426
23769415 39183905 56268773
15675265 15250469 17976518
19012860 60188657 75524170
61631923 38163381 62889186
47554325 66947199 58303138
61390551 90554854 64274896
48587497 40238686 34655566
86955796 10721299 41560778
20353378 77184114 33645783
99892262 58822343 46101041
10903688 82591759 37801299
67172461 50783376 5568120
85148979 22312588 65756777
13189501 83944511 3920159
76078687 84015189 23383710
34381826 97922092 66454916
51173074 99025941 6693602
38344992 85981737 17414902
32422123 58851468 94599016
66067906 58743730 5937712
12168948 69647419 41045823
2486599 89336232 44345551
8054719 27001564 66658139
73811496 40191065 3119002
77731655 68786105 39650543
53631718 3167931 37572636
20086634 6857357 89114929
26780237 45202350 27613019
44195139 77624473 86464487
91310507 96208731 97724569
49764571 60894031 19888340
90810394 63380630 9224573
35155945 23951701 36226137
54330436 97763198 28933554
57449439 28011205 97719659
49616334 81642923 53403942
39705322 1729558 60261300
28820252 81026147 57980002
8949623 77737638 88120827
95414110 69048145 84329558
45655031 71329069 45223590
65543372 62139463 61120572
27284297 49811761 85072274
16026786 4142197 35351824
44960340 14107988 63363029
42680000 63724323 97522305
48600294 3429645 99251863
8861594 84766249 32794362
19357948 93715872 10532000
7478775 41646334 32096497
44324686 87301366 3425566
42064628 5361090 65565030
55701552 32645387 67893143
40773826 48672173 72035340
28642002 46148865 86143329
92005032 41345217 2384004
89527337 89945512 5813649
41295552 51323458 43096251
74089914 70681407 36812123
37138266 30676534 78458458
69234763 27517572 18276176
72660330 69582200 23637266
90741712 25283753 56282653
58634855 18573931 57471178
83186547 47215934 56136395
21846228 91737318 97481613
24230232 33781007 87427125
82560234 75076559 91266935
25656485 1682825 14464694
14984960 38821091 45141229
45959770 60572206 72658801
64235946 85748888 94757354
87873212 76490600 20041107
96672217 87641807 91131390
6659747 70828355 90863676
62796143 45190935 82600994
12794108 69421168 16382001
52737585 4497754 43974912
44004520 30154239 45657737
58469215 97655551 36995180
56126796 43615322 50083739
28785597 60367620 35832627
76059303 48240833 64839580
48616762 97429402 52481387
39748153 56605502 75826094
30611829 71917997 21017030
65729176 84712105 42954550
82111177 37449690 47452304
26086090 33970562 30122895
24260179 44956129 80294798
13771712 1082925 23910120
16371803 82384875 84277741
52204430 58444178 85034926
17044010 7060941 34980680
22041750 99325446 91586182
50384196 29937275 63504179
23917578 48182803 732636
66872128 30293981 90698678
66840784 8896423 24669241
49480031 85672954 69625370
29774830 51961018 70708296
6201302 68332821 5609523
42995395 20537252 64053701
28030321 90097614 71114642
15527354 12139364 22956440
59629888 15039913 5410068
23134068 38957491 53592871
76383056 5829620 83886852
67081735 25186756 45299627
44267328 74666788 30972582
13892698 4441618 35449952
37117346 10642920 3782774
42726869 53638316 76836378
59296923 34184989 66933992
82927917 49712343 31589709
5884358 9342232 46629622
11294426 84992652 85587113
64887297 13892060 43933085
1290502 80973795 69119842
46590129 25241123 43786630
30079063 91650174 744600
65529016 28767520 63903872
21828142 24010742 70058540
98664520 83307665 4243530
65598512 66235582 6472225
49704573 24636292 68330809
96334195 35930718 5839813
34437661 818016 19731874
30887098 54624870 53222021
6940 53731351 30979497
96309922 83810415 75146023
49570874 1855783 56429895
13474747 23683925 80440637
83533287 22348445 16264654
40293169 40463309 35016589
99281747 90167883 59652881
67612556 39018430 48099952
25968722 25972443 1434320
98216948 56859542 56059190
3955321 9382834 9790541
34934818 5692757 46117308
62597193 7779983 47973091
19027089 21254730 71657016
51984078 57304370 46521813
68248733 97597539 86985123
55781674 96879286 29669358
15434555 17008195 21204140
16050859 95493269 99692936
17485179 93710217 56552478
73544369 50181890 18451664
35851263 37633061 76660773
81968571 230254 84440757
29941663 19257343 5695487
54115031 71241422 15516209
53153197 92006507 13113749
92654672 47788181 62509387
22324030 15739088 32033934
96044522 31789948 80043555
95737458 1791479 73753772
4806288 75335849 76452015
23257953 63703464 14085076
99918726 45672035 14315330
84359483 28130050 86089026
42571323 34761434 57330448
58087532 87914631 1853307
23717633 80569303 49641488
38743373 55409685 65380576
23293659 3970559 49686876
3337215 99708018 51478356
29607339 57030658 79330557
6059354 32804963 43034021
20144430 32723690 41222408
86976113 69599525 21868811
73065139 64687200 56630245
82911939 75291085 97061228
84765246 51525070 30146883
86923086 90268443 85556568
4820014 66078455 89527127
7023243 69415670 41751497
58501599 51539361 98782156
90348508 57598716 31587119
85898881 30259498 16827161
79637641 69751963 38943039
1506452 95333454 56146591
10653049 78245393 31437676
7714277 15526991 35479099
37861160 54966429 78263894
75934080 59786444 44342349
17977560 66809687 13758019
59729057 77827638 65297381
11027565 68176146 75412449
95131037 6591379 58188299
64474550 86229020 27940263
55933941 87735473 23273717
12080533 50904874 54035463
96034561 11135504 69562454
31513660 48996664 77045236
9777555 77447097 36831680
54119904 95424657 56157719
20394276 55153714 33985357
38208009 18697632 54677855
66136810 13828669 61269234
24325109 78303219 47498254
52265372 34237161 87750079
75539090 98834046 38654954
29574553 94868607 49790458
51653359 78898620 51303474
28698595 88676175 28750571
18046627 95312431 76691580
74204346 15706707 31845295
8189703 6431068 3059279
15383910 72567878 16887948
76653144 96892988 47707519
24151399 1674712 34461032
64417830 77213802 33295078
3072784 59304707 80680038
5379594 63474419 59578658
9199421 92173014 48254833
90466344 62735994 43567264
67157925 36940340 11790324
51519572 97646396 70737744
54578851 13030306 95821975
23983151 42199803 92714963
71690670 66351202 94389675
6151703 83285384 24119830
91963133 86358169 83424537
72643171 44254115 99415308
32221829 53453536 91588323
32993014 96436233 6840669
29076631 63594158 43781009
93383307 15113730 93943757
64121051 22208933 59490416
59943026 46192084 1690219
5174341 70399106 20557773
52080369 29067161 3843157
28716551 21030295 42717678
64657440 46189818 39488146
64072749 78411648 45458034
55661072 11404662 41894267
15018093 92997645 5488425
58799102 86380952 73118507
5259212 50502004 47843792
64749628 62961382 46552228
18956199 68135724 16951335
92030324 72732445 98534848
95873481 1448996 19565143
91107512 66106436 18271314
30595658 30179185 49199314
76053692 38356609 13120328
70464312 53374702 6117974
75952737 64690157 92498926
1587597 22465721 43000930
49431389 87215349 58478665
95983618 58687900 79130741
65451305 50718224 51863186
63986153 99108057 5828534
36067649 42731921 71934970
54338963 73327579 54630508
3538277 1897624 92987117
16658605 72361936 98878172
22776579 831025 63568329
67791858 54934974 86034050
10792788 4366364 25765751
21787805 52866334 36970003
918546 70833991 87688227
5298084 87336496 39312636
11126618 23404145 82044558
83061589 30259460 7888489
37692097 86314089 9786113
83195566 2972695 34664401
82073738 78265626 88011779
98158419 46057484 42946753
36708821 9366625 99829469
62474572 83670782 5212155
51960927 84589329 76046146
39649154 89887413 63382643
31478143 1014032 39303140
13522701 36591973 22078953
73927542 74284070 8393042
83713656 9995988 63882089
70894409 92069727 42147716
58906188 42744498 40721552
54369294 79453320 2604529
54198763 41927892 86275312
59410919 46405172 23380993
87973417 86054326 13268406
3872412 70048821 66798790
43175553 36087874 3390763
17770858 10015417 30191185
26163900 46245425 40187174
90045990 17139834 84773253
84710058 28562375 27517751
77947962 82931669 6971071
33068844 89646784 1415316
19344156 49057703 47820488
95241501 37031121 86391166
61026259 93419885 8956340
27825050 89111790 45044214
31215813 6882648 55059631
13923351 33046549 1305056
54110525 75608891 70961243
91400130 12835301 52039970
18917881 90783263 87487991
78405305 23852107 77134775
32336973 95712615 26192479
32673813 90954116 15739952
71581331 51980376 61676189
80537671 32321778 50787980
25581886 16053943 57670628
33157869 29977294 43233529
86979278 36604171 71358772
10456873 28004301 84194073
62496843 99438535 74977337
49984834 30360192 51345796
27119609 15213517 47058412
5828440 47887330 90528880
74084744 71985013 95025608
35760934 52522685 27347386
86548914 30620923 43401330
96735894 16295144 73378624
92485776 3274422 62499148
63844548 66247647 90503449
48038622 28744490 42458336
23015959 31245676 25334880
26878107 10881638 40548397
73936519 69226430 88435727
16981752 43311175 60420741
12007360 31588461 65459778
39354747 70653727 48597053
35272429 67389621 64892197
61167405 12391749 68166620
23666553 76236298 34414267
66686355 76791272 15675110
61661043 52323583 99437138
86995924 79201690 10318776
27544321 53138210 79545207
68496401 22636314 75372734
81433494 34643674 6961195
46893272 26514773 77614922
95490325 61787202 97520895
12898874 75470960 62428997
81065494 51653865 38665295
67996114 18340220 15456567
36187576 32517616 67780150
35624714 19513540 46981840
98459843 47057861 52636402
30521402 68070614 75272716
58410488 49504108 62432743
65371683 48913732 88947516
95502957 96920409 3251071
45540204 9819284 31238383
7969201 43401130 82892248
99150848 63913596 53748821
67123767 101172 86266437
87420269 88242239 5779977
34402110 86702082 5354190
39554864 17223484 25941157
67343933 75633972 75445265
29776676 93522007 76875350
71240544 41541316 73795759
74491615 39597872 36131395
5729998 83426 79532526
41138599 99234274 43446122
94887420 66358042 43547295
81153857 53778311 84305886
39450186 40696773 71007968
97320728 32767990 40747804
23261885 52628275 68898128
51223503 82404951 14936487
28098853 6161847 8994155
54410964 80653463 48592027
90542360 38899813 48675453
22591238 32554764 426080
66037360 27442184 66784122
62101007 61112393 73078785
46406893 562579 66291911
69931213 50399660 51576253
63195369 73661545 4204528
32093497 77401400 39125831
99546336 58016605 45287678
8540491 12427570 78457493
57132519 55486282 69873659
5807972 30593872 2428423
58750404 96631232 29870608
25534526 11248592 43499353
51129664 10171837 96578285
69937927 32619403 46977945
21514180 95814772 73155842
78235060 80424622 50557243
17360891 79970958 8573848
62648569 88511450 73517770
