185 1932318
7176890 6543312 4513675
3127937 5844709 9795815
8468983 7343230 6394403
871194 6345700 4480181
2933483 8114409 6468279
805829 3140825 5295477
8521601 5586442 1094199
3106587 2222103 6955229
6728747 1336033 4940409
179769 2851934 6622594
2112087 28824 5682258
9142114 3156762 4043319
1454281 1625745 3902902
365037 5013291 248602
4845218 463126 879363
3829849 1268956 4020188
9125327 2306909 9606630
2735878 5413496 4345085
9691107 4658595 8197470
7147868 4838364 3565756
6286815 9466803 3594581
4485425 1125270 9267695
8528745 5095903 3409792
2431647 5460940 8423083
5196601 2822511 1402561
6075964 6652360 5187869
2612505 5777687 7494778
4735487 8513565 2908274
9080573 721025 7566870
9794395 385245 4921586
3360152 6672060 6904742
9471085 3673838 8030012
1255132 2202583 3125915
4664924 7150582 1103208
5604359 2347183 3925719
7006920 939499 3094431
2194790 3552004 1388471
9689568 8287492 2418388
5114195 9884417 3139413
2681065 2195164 6041011
119003 5555316 5229423
7023745 7542753 8903261
5053757 8797885 1105844
696025 3462809 8256426
1799233 1583520 3119961
8241304 8590441 4059461
1335735 3301583 127817
5240558 2991151 8415309
7658947 8105346 816078
3314712 3302763 3011243
9355723 5938119 1082911
4585147 2961864 8625665
3488408 531974 9939902
7110605 3744351 5919064
7883383 5543584 7502584
1003345 6301240 6093025
7579158 7636975 9394608
7706975 5393886 4902112
8638637 3052833 5523810
9454715 6367545 8826574
4982310 8239621 7281045
6065222 2824768 242909
7207239 8829528 3291235
9663493 8456485 7035586
5582557 6339869 2579170
3085142 9859566 1396762
1694519 7438724 1550090
1089128 5145699 6943976
8507592 6300688 9996809
4031402 5755404 8880706
5374328 737714 7120327
2655373 9319288 2461447
5414635 9042879 3807328
8705870 8706373 2263813
5741457 6805282 8603682
836979 9890424 979600
2233742 1584944 8418324
3783832 5190424 6080376
727808 3698016 2381064
3240969 245770 652820
2121675 5620099 3906887
9242003 791824 5742527
4219802 6206459 4785407
8027130 4912330 6008132
290944 3170139 2813414
1410978 4007118 5220191
4906931 8757212 6805135
3325255 5057396 4511911
1921983 8301556 8209927
6819400 1542525 972049
9988572 6180553 6592148
3895459 7938908 9900325
9637987 2158710 6106784
6939746 2702193 3535466
5464230 5509489 6705605
793996 9436819 3229076
6014187 4343750 1986288
5335674 185358 9560037
9847585 2107341 7861593
573864 1443093 1920471
1545914 1431666 8101024
654414 7843477 6039932
554739 9997816 8198642
9177876 6937562 900835
2713342 4918144 6410324
9418948 5712141 8363496
2648024 4242680 2707246
7150664 9578355 2892604
6710701 1942292 7516298
7088647 2516157 1475743
9009118 6578423 2907409
7110142 9749189 3267239
5666426 2820281 3265055
3865068 1998157 2718970
7282256 4711499 7637114
6208932 6646799 5865607
4572428 9294823 108288
7279675 8961840 2202995
2688631 8188893 4145287
204929 5277540 9177796
1680673 4286658 8272571
7104434 3913152 8021761
371673 9579578 3358394
6153081 5960999 5356551
8872051 5759607 2584402
9025517 4484891 9231202
4891125 9057320 1042377
7515765 8853347 4217
9718760 4058330 8193111
6380399 4263260 5987003
5558196 8460285 2790014
3830767 8081071 6703166
4368880 8452745 8799097
7727274 7122178 7276448
5600177 5994229 3036055
8184580 5019746 37298
9932134 2427223 1610970
974511 9942988 2980669
3495081 2178100 7039000
4204544 8558500 3818612
191547 4116696 2278897
2981561 463815 2876320
2201080 7349048 1329065
3516529 7592674 967595
3309329 5709204 6961824
6345384 3893784 4497923
8899034 6342270 6925146
510005 7316781 9384487
3490674 3328214 1562587
529674 7532758 121087
4348286 240658 6754135
9143535 5738571 9734303
2019856 7939651 7083351
5865273 3972532 7192377
6832869 7281861 2901581
6311045 6143597 9311717
3325320 5042632 5653987
2766819 5552637 5487121
2151306 9043311 8815335
3713893 2089338 8864446
6351333 6437624 9105104
5621820 8097512 4843675
5356123 2633720 5299679
4955826 1015345 9272211
2148204 364566 9070425
7566137 6675612 5214022
6877855 932 2773006
5048194 2767751 841995
535315 7435409 9885307
1867003 3665655 4490997
731449 16988 928621
9836553 5638808 1542485
7196580 3511284 6692557
2496259 8467110 7707903
4284823 3131666 8072469
3355248 697804 4748081
1085622 92011 7265366
3858629 7656557 2549469
4700624 8191873 9984879
7102283 2575228 3650534
1593280 3306677 6183874
5038254 5659582 1822682
6580739 2856162 7850318
5789649 5352422 6317429
3497552 9637245 1965447
